1 0.11778846153846154 0.5384615384615384 0.06610576923076923 0.07451923076923077
1 0.15865384615384615 0.5432692307692307 0.11177884615384616 0.12860576923076922
1 0.33052884615384615 0.6502403846153846 0.32572115384615385 0.4098557692307692
7 0.28125 0.2764423076923077 0.019230769230769232 0.055288461538461536
6 0.3918269230769231 0.28725961538461536 0.015625 0.05889423076923077
2 0.5492788461538461 0.5108173076923077 0.01201923076923077 0.055288461538461536
6 0.5649038461538461 0.40865384615384615 0.015625 0.055288461538461536
2 0.5649038461538461 0.5180288461538461 0.015625 0.07211538461538461
2 0.5757211538461539 0.5180288461538461 0.01201923076923077 0.056490384615384616
0 0.6598557692307693 0.5252403846153846 0.027644230769230768 0.08653846153846154
1 0.8569711538461539 0.5252403846153846 0.18028846153846154 0.09735576923076923
1 0.9711538461538461 0.5144230769230769 0.056490384615384616 0.08774038461538461