1 0.0625 0.5108173076923077 0.125 0.31490384615384615
10 0.0625 0.515625 0.125 0.265625
1 0.14903846153846154 0.5853365384615384 0.06971153846153846 0.1310096153846154
1 0.1502403846153846 0.5805288461538461 0.05889423076923077 0.09975961538461539
1 0.31009615384615385 0.5516826923076923 0.08173076923076923 0.12139423076923077
1 0.4098557692307692 0.5697115384615384 0.08653846153846154 0.10096153846153846
1 0.46033653846153844 0.5324519230769231 0.06490384615384616 0.10096153846153846
10 0.46153846153846156 0.5324519230769231 0.05889423076923077 0.08653846153846154
1 0.5288461538461539 0.5709134615384616 0.052884615384615384 0.09615384615384616
1 0.5805288461538461 0.5805288461538461 0.10697115384615384 0.12740384615384615
1 0.6850961538461539 0.5673076923076923 0.13822115384615385 0.25240384615384615
1 0.8581730769230769 0.6033653846153846 0.27884615384615385 0.5336538461538461