1 0.11778846153846154 0.5576923076923077 0.08052884615384616 0.06850961538461539
1 0.41225961538461536 0.5264423076923077 0.019230769230769232 0.028846153846153848
2 0.8653846153846154 0.5444711538461539 0.02403846153846154 0.09615384615384616
2 0.8870192307692307 0.5408653846153846 0.025240384615384616 0.10336538461538461
2 0.8461538461538461 0.5456730769230769 0.021634615384615384 0.10096153846153846
1 0.24639423076923078 0.5384615384615384 0.06490384615384616 0.078125
1 0.24639423076923078 0.5396634615384616 0.06009615384615385 0.06971153846153846
1 0.3004807692307692 0.5348557692307693 0.037259615384615384 0.038461538461538464
1 0.44711538461538464 0.5288461538461539 0.04326923076923077 0.0625
1 0.5048076923076923 0.5552884615384616 0.10096153846153846 0.13701923076923078
1 0.5745192307692307 0.5192307692307693 0.040865384615384616 0.06850961538461539
10 0.5709134615384616 0.5216346153846154 0.03485576923076923 0.056490384615384616
1 0.6646634615384616 0.546875 0.0625 0.06971153846153846
1 0.7680288461538461 0.5408653846153846 0.10336538461538461 0.05889423076923077
1 0.7704326923076923 0.5408653846153846 0.10576923076923077 0.06850961538461539
1 0.9663461538461539 0.6622596153846154 0.0625 0.18389423076923078