6 0.038461538461538464 0.3605769230769231 0.027644230769230768 0.08173076923076923
2 0.13822115384615385 0.5420673076923077 0.0625 0.11778846153846154
2 0.15865384615384615 0.5336538461538461 0.019230769230769232 0.12259615384615384
2 0.20072115384615385 0.5745192307692307 0.038461538461538464 0.41225961538461536
1 0.22355769230769232 0.5216346153846154 0.015625 0.05048076923076923
2 0.25961538461538464 0.5769230769230769 0.06971153846153846 0.33774038461538464
2 0.25600961538461536 0.5649038461538461 0.05889423076923077 0.30649038461538464
2 0.26322115384615385 0.59375 0.0625 0.43028846153846156
1 0.31009615384615385 0.5024038461538461 0.040865384615384616 0.05889423076923077
2 0.3713942307692308 0.5733173076923077 0.11298076923076923 0.42788461538461536
2 0.36778846153846156 0.5745192307692307 0.07211538461538461 0.40865384615384615
1 0.5805288461538461 0.5180288461538461 0.23197115384615385 0.13822115384615385
2 0.5384615384615384 0.5805288461538461 0.06610576923076923 0.40384615384615385
6 0.5516826923076923 0.3473557692307692 0.028846153846153848 0.08173076923076923
2 0.6430288461538461 0.5661057692307693 0.06971153846153846 0.4411057692307692