1 0.2800480769230769 0.5600961538461539 0.11298076923076923 0.125
1 0.41586538461538464 0.5492788461538461 0.07211538461538461 0.09615384615384616
4 0.4014423076923077 0.4182692307692308 0.009615384615384616 0.025240384615384616
4 0.40625 0.41225961538461536 0.009615384615384616 0.03125
4 0.44711538461538464 0.4266826923076923 0.009615384615384616 0.027644230769230768
4 0.44711538461538464 0.4266826923076923 0.009615384615384616 0.02403846153846154
4 0.4963942307692308 0.47596153846153844 0.01201923076923077 0.028846153846153848
4 0.5072115384615384 0.4639423076923077 0.009615384615384616 0.03485576923076923
4 0.5072115384615384 0.4651442307692308 0.009615384615384616 0.03365384615384615
2 0.5216346153846154 0.5360576923076923 0.009615384615384616 0.06490384615384616
2 0.5228365384615384 0.5348557692307693 0.01201923076923077 0.0625
2 0.53125 0.5372596153846154 0.01201923076923077 0.06490384615384616
2 0.5336538461538461 0.5324519230769231 0.009615384615384616 0.06490384615384616
2 0.5480769230769231 0.5336538461538461 0.013221153846153846 0.06490384615384616
2 0.5492788461538461 0.53125 0.01201923076923077 0.06610576923076923
2 0.5600961538461539 0.5288461538461539 0.013221153846153846 0.07572115384615384
2 0.5612980769230769 0.53125 0.01201923076923077 0.06610576923076923
1 0.8774038461538461 0.5132211538461539 0.07572115384615384 0.06490384615384616