0 0.1201923076923077 0.47475961538461536 0.021634615384615384 0.08052884615384616
1 0.20673076923076922 0.4795673076923077 0.08173076923076923 0.09134615384615384
1 0.2692307692307692 0.47716346153846156 0.05889423076923077 0.06490384615384616
1 0.34134615384615385 0.5072115384615384 0.18990384615384615 0.09735576923076923
1 0.33052884615384615 0.49158653846153844 0.08173076923076923 0.09375
7 0.3954326923076923 0.2127403846153846 0.019230769230769232 0.06850961538461539
6 0.5024038461538461 0.21995192307692307 0.02403846153846154 0.06971153846153846
6 0.5024038461538461 0.21153846153846154 0.013221153846153846 0.04927884615384615
6 0.6117788461538461 0.23317307692307693 0.018028846153846152 0.06971153846153846
6 0.8040865384615384 0.34615384615384615 0.013221153846153846 0.052884615384615384
6 0.8076923076923077 0.34134615384615385 0.018028846153846152 0.05048076923076923