4 0.8930288461538461 0.3737980769230769 0.013221153846153846 0.055288461538461536
1 0.39903846153846156 0.5336538461538461 0.12139423076923077 0.09975961538461539
1 0.40625 0.5324519230769231 0.10576923076923077 0.07211538461538461
10 0.4074519230769231 0.4855769230769231 0.07572115384615384 0.03125
5 0.40384615384615385 0.4807692307692308 0.025240384615384616 0.07211538461538461
1 0.5048076923076923 0.5432692307692307 0.09615384615384616 0.10697115384615384
3 0.5456730769230769 0.4387019230769231 0.01201923076923077 0.037259615384615384
1 0.6310096153846154 0.5360576923076923 0.06009615384615385 0.06850961538461539
3 0.6706730769230769 0.37740384615384615 0.018028846153846152 0.06009615384615385
1 0.6754807692307693 0.5192307692307693 0.025240384615384616 0.052884615384615384
1 0.6995192307692307 0.5288461538461539 0.046875 0.0625
1 0.7584134615384616 0.5396634615384616 0.07211538461538461 0.078125
4 0.7692307692307693 0.44471153846153844 0.01201923076923077 0.03365384615384615
1 0.9086538461538461 0.5600961538461539 0.1778846153846154 0.1814903846153846