1 0.12740384615384615 0.4951923076923077 0.2536057692307692 0.6778846153846154
10 0.12860576923076922 0.484375 0.25240384615384615 0.6189903846153846
1 0.3317307692307692 0.4951923076923077 0.04927884615384615 0.06490384615384616
1 0.49759615384615385 0.6274038461538461 0.33052884615384615 0.43509615384615385
7 0.35096153846153844 0.3004807692307692 0.019230769230769232 0.07211538461538461
6 0.4723557692307692 0.24158653846153846 0.021634615384615384 0.06850961538461539
1 0.6694711538461539 0.5 0.11538461538461539 0.08052884615384616
1 0.6766826923076923 0.5 0.09014423076923077 0.09014423076923077
6 0.6454326923076923 0.36778846153846156 0.019230769230769232 0.04326923076923077
0 0.6502403846153846 0.4879807692307692 0.03125 0.09375
1 0.7524038461538461 0.49038461538461536 0.07451923076923077 0.06009615384615385
1 0.859375 0.5901442307692307 0.2776442307692308 0.3473557692307692
6 0.9855769230769231 0.23076923076923078 0.027644230769230768 0.09014423076923077