1 0.055288461538461536 0.6009615384615384 0.109375 0.2776442307692308
1 0.12259615384615384 0.5612980769230769 0.08052884615384616 0.11298076923076923
1 0.13341346153846154 0.5564903846153846 0.09735576923076923 0.15985576923076922
1 0.2247596153846154 0.5588942307692307 0.07211538461538461 0.078125
1 0.22596153846153846 0.5552884615384616 0.06490384615384616 0.055288461538461536
1 0.26802884615384615 0.5480769230769231 0.03125 0.06850961538461539
1 0.2956730769230769 0.5444711538461539 0.03125 0.056490384615384616
1 0.3293269230769231 0.5408653846153846 0.056490384615384616 0.07572115384615384
10 0.3713942307692308 0.5084134615384616 0.03365384615384615 0.040865384615384616
1 0.37259615384615385 0.53125 0.03125 0.05048076923076923
1 0.4206730769230769 0.5444711538461539 0.09014423076923077 0.08413461538461539
1 0.42427884615384615 0.5420673076923077 0.09134615384615384 0.06610576923076923
1 0.5084134615384616 0.5240384615384616 0.04326923076923077 0.05048076923076923
1 0.5661057692307693 0.5600961538461539 0.05889423076923077 0.1658653846153846
1 0.6394230769230769 0.5697115384615384 0.1310096153846154 0.14423076923076922