1 0.8798076923076923 0.5757211538461539 0.23677884615384615 0.23197115384615385
4 0.29927884615384615 0.4338942307692308 0.013221153846153846 0.037259615384615384
1 0.36899038461538464 0.5120192307692307 0.040865384615384616 0.05048076923076923
1 0.39903846153846156 0.5072115384615384 0.019230769230769232 0.04326923076923077
1 0.41225961538461536 0.5024038461538461 0.019230769230769232 0.04326923076923077
1 0.42908653846153844 0.5048076923076923 0.019230769230769232 0.05048076923076923
1 0.5060096153846154 0.49278846153846156 0.04927884615384615 0.09014423076923077
4 0.5240384615384616 0.33653846153846156 0.021634615384615384 0.04326923076923077
4 0.6141826923076923 0.42427884615384615 0.019230769230769232 0.03125
4 0.6153846153846154 0.41586538461538464 0.018028846153846152 0.04927884615384615
1 0.6887019230769231 0.5168269230769231 0.1466346153846154 0.16947115384615385