1 0.037259615384615384 0.5216346153846154 0.07451923076923077 0.078125
1 0.12259615384615384 0.5084134615384616 0.06009615384615385 0.06971153846153846
1 0.12259615384615384 0.5096153846153846 0.05889423076923077 0.056490384615384616
1 0.16105769230769232 0.5132211538461539 0.028846153846153848 0.056490384615384616
1 0.1622596153846154 0.5120192307692307 0.027644230769230768 0.06490384615384616
1 0.20673076923076922 0.5072115384615384 0.052884615384615384 0.06971153846153846
1 0.21153846153846154 0.5024038461538461 0.05048076923076923 0.05889423076923077
1 0.2608173076923077 0.5 0.03485576923076923 0.06610576923076923
1 0.2608173076923077 0.49278846153846156 0.03125 0.06009615384615385
1 0.30528846153846156 0.5 0.08774038461538461 0.11778846153846154
1 0.3713942307692308 0.49759615384615385 0.040865384615384616 0.06490384615384616
1 0.4230769230769231 0.4987980769230769 0.021634615384615384 0.038461538461538464
1 0.49278846153846156 0.5072115384615384 0.03485576923076923 0.055288461538461536
1 0.5204326923076923 0.5144230769230769 0.02403846153846154 0.07572115384615384
1 0.5396634615384616 0.5204326923076923 0.025240384615384616 0.08653846153846154
1 0.5985576923076923 0.53125 0.09014423076923077 0.10697115384615384