1 0.052884615384615384 0.5769230769230769 0.10336538461538461 0.12259615384615384
1 0.9110576923076923 0.6298076923076923 0.17427884615384615 0.34615384615384615
1 0.13341346153846154 0.5709134615384616 0.08173076923076923 0.09975961538461539
1 0.1310096153846154 0.5709134615384616 0.06971153846153846 0.10096153846153846
1 0.18509615384615385 0.5625 0.06490384615384616 0.078125
1 0.19591346153846154 0.5637019230769231 0.055288461538461536 0.07451923076923077
1 0.3112980769230769 0.5360576923076923 0.05048076923076923 0.0625
1 0.45072115384615385 0.5300480769230769 0.037259615384615384 0.06009615384615385
1 0.5264423076923077 0.5336538461538461 0.040865384615384616 0.05048076923076923
1 0.5673076923076923 0.5408653846153846 0.06490384615384616 0.078125
1 0.5745192307692307 0.5384615384615384 0.06850961538461539 0.08173076923076923
1 0.6911057692307693 0.5372596153846154 0.171875 0.1875