1 0.040865384615384616 0.5733173076923077 0.08173076923076923 0.15144230769230768
1 0.8822115384615384 0.6274038461538461 0.234375 0.33653846153846156
1 0.11177884615384616 0.5709134615384616 0.08052884615384616 0.09975961538461539
1 0.16947115384615385 0.5673076923076923 0.05889423076923077 0.07572115384615384
1 0.17548076923076922 0.5588942307692307 0.05048076923076923 0.08413461538461539
1 0.22355769230769232 0.5516826923076923 0.046875 0.078125
1 0.2548076923076923 0.5492788461538461 0.037259615384615384 0.056490384615384616
1 0.39302884615384615 0.5324519230769231 0.038461538461538464 0.04326923076923077
1 0.5817307692307693 0.5432692307692307 0.052884615384615384 0.125
1 0.6274038461538461 0.5709134615384616 0.052884615384615384 0.15865384615384615
1 0.7055288461538461 0.5444711538461539 0.13822115384615385 0.2692307692307692