1 0.040865384615384616 0.546875 0.07572115384615384 0.08052884615384616
1 0.09134615384615384 0.5396634615384616 0.04326923076923077 0.05048076923076923
1 0.17427884615384615 0.5372596153846154 0.07211538461538461 0.05889423076923077
1 0.24879807692307693 0.5168269230769231 0.03125 0.05048076923076923
1 0.37259615384615385 0.5180288461538461 0.04326923076923077 0.0625
1 0.43509615384615385 0.5144230769230769 0.03485576923076923 0.038461538461538464
1 0.4567307692307692 0.5024038461538461 0.02403846153846154 0.028846153846153848
1 0.48677884615384615 0.5144230769230769 0.0625 0.08413461538461539
1 0.5697115384615384 0.5084134615384616 0.040865384615384616 0.056490384615384616
1 0.6418269230769231 0.515625 0.04927884615384615 0.07451923076923077
1 0.6826923076923077 0.5264423076923077 0.07211538461538461 0.052884615384615384
1 0.8329326923076923 0.5216346153846154 0.14423076923076922 0.11899038461538461