1 0.09134615384615384 0.5600961538461539 0.1814903846153846 0.1778846153846154
1 0.9194711538461539 0.6141826923076923 0.15985576923076922 0.29927884615384615
1 0.27403846153846156 0.5168269230769231 0.06490384615384616 0.06610576923076923
1 0.27283653846153844 0.5180288461538461 0.06009615384615385 0.0625
1 0.37259615384615385 0.5096153846153846 0.03365384615384615 0.037259615384615384
1 0.5144230769230769 0.49759615384615385 0.04447115384615385 0.07451923076923077
1 0.6177884615384616 0.5024038461538461 0.03125 0.08052884615384616
1 0.6394230769230769 0.5084134615384616 0.028846153846153848 0.09014423076923077
1 0.6790865384615384 0.5192307692307693 0.06850961538461539 0.125
1 0.6887019230769231 0.5048076923076923 0.078125 0.11298076923076923
1 0.7644230769230769 0.5372596153846154 0.14423076923076922 0.22235576923076922
1 0.8100961538461539 0.5264423076923077 0.20673076923076922 0.18028846153846154