1 0.1310096153846154 0.5817307692307693 0.1875 0.203125
1 0.1346153846153846 0.5913461538461539 0.1814903846153846 0.18028846153846154
6 0.06971153846153846 0.4639423076923077 0.018028846153846152 0.04326923076923077
7 0.07211538461538461 0.47596153846153844 0.019230769230769232 0.055288461538461536
1 0.23076923076923078 0.5757211538461539 0.07572115384615384 0.12259615384615384
1 0.24759615384615385 0.5817307692307693 0.056490384615384616 0.1346153846153846
1 0.3329326923076923 0.5564903846153846 0.028846153846153848 0.05048076923076923
6 0.33413461538461536 0.36538461538461536 0.021634615384615384 0.046875
7 0.33653846153846156 0.36778846153846156 0.015625 0.04927884615384615
4 0.4170673076923077 0.37259615384615385 0.019230769230769232 0.03125
4 0.41947115384615385 0.36658653846153844 0.021634615384615384 0.04927884615384615
4 0.5480769230769231 0.45072115384615385 0.025240384615384616 0.05048076923076923
4 0.5492788461538461 0.45552884615384615 0.015625 0.03365384615384615
1 0.6574519230769231 0.5264423076923077 0.019230769230769232 0.056490384615384616
1 0.7139423076923077 0.5192307692307693 0.11899038461538461 0.07451923076923077
1 0.71875 0.5216346153846154 0.11899038461538461 0.06971153846153846
4 0.6826923076923077 0.36899038461538464 0.027644230769230768 0.08774038461538461
4 0.6826923076923077 0.3894230769230769 0.027644230769230768 0.038461538461538464
1 0.7872596153846154 0.5180288461538461 0.04326923076923077 0.06490384615384616
1 0.796875 0.5144230769230769 0.04447115384615385 0.06971153846153846
1 0.8629807692307693 0.5144230769230769 0.07211538461538461 0.06490384615384616
1 0.8834134615384616 0.5060096153846154 0.11177884615384616 0.052884615384615384