1 0.18509615384615385 0.625 0.36899038461538464 0.59375
7 0.34615384615384615 0.4098557692307692 0.021634615384615384 0.040865384615384616
7 0.34615384615384615 0.4266826923076923 0.019230769230769232 0.06971153846153846
1 0.4110576923076923 0.5829326923076923 0.09735576923076923 0.2247596153846154
6 0.4735576923076923 0.35216346153846156 0.025240384615384616 0.0625
6 0.4735576923076923 0.34975961538461536 0.015625 0.046875
1 0.5060096153846154 0.53125 0.055288461538461536 0.0625
1 0.5072115384615384 0.5324519230769231 0.037259615384615384 0.04326923076923077
6 0.5204326923076923 0.4326923076923077 0.015625 0.055288461538461536
6 0.6995192307692307 0.31009615384615385 0.027644230769230768 0.10576923076923077
1 0.859375 0.5480769230769231 0.04447115384615385 0.06610576923076923
1 0.9146634615384616 0.5444711538461539 0.06610576923076923 0.08052884615384616
1 0.9711538461538461 0.5252403846153846 0.056490384615384616 0.11538461538461539