1 0.0829326923076923 0.6189903846153846 0.16346153846153846 0.43028846153846156
1 0.17908653846153846 0.5612980769230769 0.08052884615384616 0.09615384615384616
1 0.203125 0.5480769230769231 0.11298076923076923 0.10336538461538461
1 0.28966346153846156 0.5420673076923077 0.06490384615384616 0.06610576923076923
1 0.33533653846153844 0.5240384615384616 0.055288461538461536 0.06610576923076923
1 0.5709134615384616 0.5600961538461539 0.20072115384615385 0.171875
2 0.6682692307692307 0.5516826923076923 0.04447115384615385 0.203125
1 0.7463942307692307 0.5504807692307693 0.18990384615384615 0.1814903846153846
1 0.7512019230769231 0.5552884615384616 0.18028846153846154 0.19471153846153846
1 0.8617788461538461 0.5805288461538461 0.19951923076923078 0.26802884615384615
1 0.8617788461538461 0.5805288461538461 0.18990384615384615 0.25