2 0.8617788461538461 0.4675480769230769 0.028846153846153848 0.10697115384615384
2 0.04927884615384615 0.6057692307692307 0.09735576923076923 0.49399038461538464
3 0.016826923076923076 0.3401442307692308 0.03365384615384615 0.06610576923076923
1 0.22355769230769232 0.546875 0.06971153846153846 0.08653846153846154
2 0.23197115384615385 0.5492788461538461 0.07451923076923077 0.11899038461538461
2 0.24158653846153846 0.546875 0.038461538461538464 0.11298076923076923
2 0.328125 0.6358173076923077 0.20673076923076922 0.5721153846153846
2 0.2704326923076923 0.5396634615384616 0.08774038461538461 0.13701923076923078
2 0.28125 0.5396634615384616 0.09014423076923077 0.1310096153846154
1 0.40384615384615385 0.5168269230769231 0.038461538461538464 0.052884615384615384
3 0.5204326923076923 0.30649038461538464 0.037259615384615384 0.08413461538461539
1 0.5673076923076923 0.53125 0.09615384615384616 0.16947115384615385
1 0.7716346153846154 0.5336538461538461 0.39302884615384615 0.23076923076923078