1 0.09735576923076923 0.5793269230769231 0.1935096153846154 0.1622596153846154
10 0.15985576923076922 0.5048076923076923 0.1466346153846154 0.12740384615384615
1 0.2091346153846154 0.5348557692307693 0.08774038461538461 0.09735576923076923
1 0.25841346153846156 0.5276442307692307 0.05048076923076923 0.07211538461538461
1 0.2848557692307692 0.5180288461538461 0.027644230769230768 0.052884615384615384
10 0.31850961538461536 0.4987980769230769 0.046875 0.06850961538461539
3 0.36658653846153844 0.39903846153846156 0.015625 0.04326923076923077
1 0.4423076923076923 0.5192307692307693 0.025240384615384616 0.037259615384615384
1 0.46634615384615385 0.5264423076923077 0.04927884615384615 0.056490384615384616
1 0.5060096153846154 0.5132211538461539 0.025240384615384616 0.055288461538461536
1 0.5336538461538461 0.5240384615384616 0.046875 0.0625
3 0.5552884615384616 0.28365384615384615 0.027644230769230768 0.05889423076923077
1 0.6021634615384616 0.5348557692307693 0.07211538461538461 0.078125
4 0.7007211538461539 0.40625 0.015625 0.04326923076923077
1 0.7992788461538461 0.5625 0.21153846153846154 0.18028846153846154
4 0.7007211538461539 0.4074519230769231 0.01201923076923077 0.038461538461538464