1 0.08774038461538461 0.4855769230769231 0.055288461538461536 0.05048076923076923
1 0.15985576923076922 0.4807692307692308 0.037259615384615384 0.04447115384615385
1 0.3293269230769231 0.48197115384615385 0.05889423076923077 0.06610576923076923
1 0.41346153846153844 0.4807692307692308 0.04927884615384615 0.06610576923076923
5 0.39783653846153844 0.37259615384615385 0.013221153846153846 0.03365384615384615
4 0.4411057692307692 0.3798076923076923 0.01201923076923077 0.03365384615384615
1 0.4519230769230769 0.4735576923076923 0.027644230769230768 0.040865384615384616
1 0.49038461538461536 0.4735576923076923 0.02403846153846154 0.03125
1 0.5384615384615384 0.4879807692307692 0.08413461538461539 0.10697115384615384
4 0.5588942307692307 0.43028846153846156 0.015625 0.03365384615384615
4 0.5877403846153846 0.41225961538461536 0.01201923076923077 0.03485576923076923
10 0.7872596153846154 0.4206730769230769 0.1346153846153846 0.11177884615384616