0 0.9411057692307693 0.5588942307692307 0.08173076923076923 0.2776442307692308
1 0.30528846153846156 0.5949519230769231 0.4026442307692308 0.5276442307692307
7 0.12860576923076922 0.42788461538461536 0.019230769230769232 0.018028846153846152
7 0.12860576923076922 0.4266826923076923 0.019230769230769232 0.02403846153846154
3 0.3605769230769231 0.31850961538461536 0.01201923076923077 0.038461538461538464
6 0.45552884615384615 0.3269230769230769 0.018028846153846152 0.046875
10 0.7235576923076923 0.3870192307692308 0.3942307692307692 0.5901442307692307
10 0.9459134615384616 0.43990384615384615 0.052884615384615384 0.055288461538461536
1 0.9663461538461539 0.8076923076923077 0.06610576923076923 0.38100961538461536
1 0.9663461538461539 0.8185096153846154 0.06490384615384616 0.34375
2 0.9639423076923077 0.4987980769230769 0.02403846153846154 0.12139423076923077