1 0.9134615384615384 0.6622596153846154 0.16947115384615385 0.4098557692307692
1 0.03485576923076923 0.5817307692307693 0.06971153846153846 0.08413461538461539
1 0.1778846153846154 0.5540865384615384 0.03365384615384615 0.03485576923076923
1 0.22596153846153846 0.5480769230769231 0.037259615384615384 0.046875
1 0.3076923076923077 0.5709134615384616 0.13701923076923078 0.19110576923076922
1 0.39903846153846156 0.5492788461538461 0.03365384615384615 0.06850961538461539
1 0.39903846153846156 0.5432692307692307 0.03365384615384615 0.05889423076923077
1 0.43028846153846156 0.5408653846153846 0.06971153846153846 0.09134615384615384
1 0.43509615384615385 0.5372596153846154 0.046875 0.078125
1 0.4795673076923077 0.5564903846153846 0.05048076923076923 0.09975961538461539
1 0.5540865384615384 0.5697115384615384 0.15625 0.14903846153846154
1 0.6177884615384616 0.5733173076923077 0.09375 0.1310096153846154
1 0.7391826923076923 0.6177884615384616 0.30649038461538464 0.2692307692307692