1 0.05048076923076923 0.5685096153846154 0.10096153846153846 0.10336538461538461
1 0.0829326923076923 0.5649038461538461 0.03485576923076923 0.08052884615384616
1 0.11177884615384616 0.5480769230769231 0.08774038461538461 0.078125
1 0.18028846153846154 0.5456730769230769 0.08774038461538461 0.055288461538461536
1 0.22956730769230768 0.5396634615384616 0.06009615384615385 0.052884615384615384
1 0.33653846153846156 0.53125 0.03485576923076923 0.06850961538461539
1 0.40625 0.5492788461538461 0.09134615384615384 0.11899038461538461
4 0.46634615384615385 0.45913461538461536 0.009615384615384616 0.03125
1 0.5612980769230769 0.5168269230769231 0.10096153846153846 0.08052884615384616
1 0.5637019230769231 0.5240384615384616 0.10096153846153846 0.08413461538461539
1 0.6021634615384616 0.5432692307692307 0.14302884615384615 0.07451923076923077
2 0.7764423076923077 0.5084134615384616 0.03485576923076923 0.13822115384615385
2 0.8100961538461539 0.5072115384615384 0.040865384615384616 0.14302884615384615
2 0.8088942307692307 0.5024038461538461 0.03125 0.11899038461538461
2 0.8365384615384616 0.5060096153846154 0.02403846153846154 0.1310096153846154
2 0.8413461538461539 0.5072115384615384 0.03125 0.1346153846153846
2 0.8521634615384616 0.49038461538461536 0.02403846153846154 0.13221153846153846