4 0.8004807692307693 0.28725961538461536 0.03365384615384615 0.09735576923076923
4 0.39302884615384615 0.042067307692307696 0.03365384615384615 0.08173076923076923
1 0.051682692307692304 0.5144230769230769 0.10096153846153846 0.08774038461538461
1 0.19951923076923078 0.5024038461538461 0.04927884615384615 0.037259615384615384
1 0.2776442307692308 0.5 0.038461538461538464 0.056490384615384616
1 0.5420673076923077 0.49278846153846156 0.04326923076923077 0.056490384615384616
2 0.6081730769230769 0.49759615384615385 0.019230769230769232 0.0625
2 0.6081730769230769 0.49759615384615385 0.015625 0.06009615384615385
1 0.6394230769230769 0.5024038461538461 0.04447115384615385 0.055288461538461536
1 0.6382211538461539 0.5012019230769231 0.03485576923076923 0.05048076923076923
1 0.6706730769230769 0.5036057692307693 0.04927884615384615 0.0625
1 0.7163461538461539 0.5036057692307693 0.06490384615384616 0.08173076923076923
1 0.7175480769230769 0.4951923076923077 0.06610576923076923 0.07572115384615384
1 0.7848557692307693 0.5084134615384616 0.09735576923076923 0.10697115384615384
1 0.7908653846153846 0.5072115384615384 0.09134615384615384 0.10697115384615384