1 0.2608173076923077 0.4651442307692308 0.09014423076923077 0.13701923076923078
10 0.2620192307692308 0.46875 0.08774038461538461 0.1310096153846154
1 0.34975961538461536 0.484375 0.09375 0.12860576923076922
7 0.3762019230769231 0.3942307692307692 0.009615384615384616 0.027644230769230768
1 0.40865384615384615 0.49399038461538464 0.025240384615384616 0.0625
4 0.4170673076923077 0.39783653846153844 0.015625 0.03485576923076923
1 0.46634615384615385 0.5060096153846154 0.09134615384615384 0.12139423076923077
4 0.45072115384615385 0.39903846153846156 0.013221153846153846 0.037259615384615384
0 0.5360576923076923 0.48197115384615385 0.02403846153846154 0.0625
4 0.5384615384615384 0.4483173076923077 0.013221153846153846 0.028846153846153848
4 0.5456730769230769 0.43509615384615385 0.018028846153846152 0.040865384615384616
1 0.8377403846153846 0.5697115384615384 0.25721153846153844 0.25600961538461536