2 0.5288461538461539 0.5168269230769231 0.013221153846153846 0.0625
2 0.5168269230769231 0.5252403846153846 0.013221153846153846 0.06009615384615385
0 0.5697115384615384 0.5336538461538461 0.055288461538461536 0.09134615384615384
1 0.13701923076923078 0.5504807692307693 0.19471153846153846 0.14302884615384615
1 0.33052884615384615 0.6526442307692307 0.33052884615384615 0.41586538461538464
2 0.1778846153846154 0.5420673076923077 0.021634615384615384 0.07451923076923077
7 0.2800480769230769 0.2764423076923077 0.019230769230769232 0.06490384615384616
6 0.3894230769230769 0.2860576923076923 0.019230769230769232 0.07211538461538461
6 0.5637019230769231 0.40865384615384615 0.021634615384615384 0.06490384615384616
0 0.6634615384615384 0.5444711538461539 0.12139423076923077 0.16826923076923078
0 0.8473557692307693 0.5384615384615384 0.11298076923076923 0.1814903846153846