10 0.1346153846153846 0.47115384615384615 0.2692307692307692 0.38100961538461536
1 0.29447115384615385 0.5420673076923077 0.05889423076923077 0.09375
1 0.29447115384615385 0.5384615384615384 0.05889423076923077 0.10697115384615384
1 0.39302884615384615 0.5396634615384616 0.1346153846153846 0.19951923076923078
3 0.36899038461538464 0.36177884615384615 0.015625 0.038461538461538464
6 0.4495192307692308 0.36177884615384615 0.018028846153846152 0.046875
3 0.44591346153846156 0.3605769230769231 0.01201923076923077 0.037259615384615384
1 0.4831730769230769 0.5300480769230769 0.037259615384615384 0.03365384615384615
1 0.4855769230769231 0.5240384615384616 0.03365384615384615 0.05889423076923077
10 0.5925480769230769 0.4579326923076923 0.1971153846153846 0.3161057692307692
1 0.8052884615384616 0.6069711538461539 0.33653846153846156 0.30288461538461536
1 0.7956730769230769 0.45552884615384615 0.10336538461538461 0.046875