7 0.11057692307692307 0.3004807692307692 0.018028846153846152 0.06490384615384616
1 0.19471153846153846 0.5144230769230769 0.037259615384615384 0.04326923076923077
1 0.1971153846153846 0.515625 0.03485576923076923 0.038461538461538464
10 0.27403846153846156 0.48197115384615385 0.07451923076923077 0.12860576923076922
4 0.29447115384615385 0.31490384615384615 0.018028846153846152 0.04927884615384615
1 0.49759615384615385 0.578125 0.15625 0.17427884615384615
4 0.43990384615384615 0.4026442307692308 0.021634615384615384 0.05048076923076923
2 0.6526442307692307 0.53125 0.028846153846153848 0.12860576923076922
2 0.6730769230769231 0.5192307692307693 0.019230769230769232 0.1310096153846154
1 0.7127403846153846 0.5144230769230769 0.08052884615384616 0.055288461538461536
2 0.6959134615384616 0.5252403846153846 0.025240384615384616 0.1346153846153846
1 0.8257211538461539 0.49759615384615385 0.12860576923076922 0.08052884615384616
2 0.7980769230769231 0.5168269230769231 0.021634615384615384 0.15985576923076922
4 0.8052884615384616 0.22235576923076922 0.03365384615384615 0.125