2 0.04447115384615385 0.5504807692307693 0.028846153846153848 0.11899038461538461
2 0.08413461538461539 0.5649038461538461 0.02403846153846154 0.13221153846153846
2 0.0889423076923077 0.5540865384615384 0.025240384615384616 0.125
2 0.09134615384615384 0.5564903846153846 0.018028846153846152 0.1346153846153846
1 0.12259615384615384 0.5540865384615384 0.08052884615384616 0.10336538461538461
2 0.10697115384615384 0.5540865384615384 0.028846153846153848 0.1310096153846154
2 0.15384615384615385 0.5540865384615384 0.037259615384615384 0.1466346153846154
1 0.22716346153846154 0.5492788461538461 0.08052884615384616 0.11899038461538461
1 0.2800480769230769 0.53125 0.019230769230769232 0.046875
1 0.4014423076923077 0.5132211538461539 0.018028846153846152 0.04326923076923077
2 0.4110576923076923 0.53125 0.021634615384615384 0.12740384615384615
2 0.4182692307692308 0.5204326923076923 0.027644230769230768 0.14423076923076922
1 0.43509615384615385 0.5204326923076923 0.055288461538461536 0.06610576923076923
2 0.4387019230769231 0.5228365384615384 0.019230769230769232 0.15264423076923078
2 0.5432692307692307 0.5084134615384616 0.02403846153846154 0.09615384615384616
2 0.5612980769230769 0.5084134615384616 0.021634615384615384 0.09615384615384616
2 0.5637019230769231 0.5048076923076923 0.013221153846153846 0.08413461538461539
3 0.5817307692307693 0.3088942307692308 0.028846153846153848 0.09375
2 0.5817307692307693 0.5036057692307693 0.02403846153846154 0.10576923076923077
2 0.7007211538461539 0.4963942307692308 0.027644230769230768 0.13221153846153846
1 0.8509615384615384 0.6742788461538461 0.29447115384615385 0.6442307692307693