3 0.06009615384615385 0.07211538461538461 0.10096153846153846 0.14423076923076922
1 0.40865384615384615 0.49759615384615385 0.11899038461538461 0.06850961538461539
1 0.45072115384615385 0.5024038461538461 0.021634615384615384 0.046875
1 0.47475961538461536 0.5012019230769231 0.03485576923076923 0.04927884615384615
6 0.5649038461538461 0.3641826923076923 0.018028846153846152 0.04927884615384615
3 0.5709134615384616 0.025240384615384616 0.027644230769230768 0.05048076923076923
6 0.6538461538461539 0.3581730769230769 0.018028846153846152 0.056490384615384616
6 0.7283653846153846 0.41346153846153844 0.018028846153846152 0.05048076923076923
1 0.8197115384615384 0.48197115384615385 0.12259615384615384 0.09134615384615384
6 0.8004807692307693 0.078125 0.028846153846153848 0.10697115384615384
1 0.9206730769230769 0.48677884615384615 0.10336538461538461 0.056490384615384616
1 0.9158653846153846 0.4855769230769231 0.08653846153846154 0.05048076923076923