1 0.06370192307692307 0.5120192307692307 0.12740384615384615 0.21153846153846154
1 0.16346153846153846 0.5072115384615384 0.10576923076923077 0.15384615384615385
1 0.15745192307692307 0.5132211538461539 0.08052884615384616 0.1658653846153846
6 0.3329326923076923 0.4387019230769231 0.027644230769230768 0.038461538461538464
1 0.41466346153846156 0.48197115384615385 0.027644230769230768 0.055288461538461536
1 0.45072115384615385 0.48677884615384615 0.08173076923076923 0.10697115384615384
1 0.4519230769230769 0.49038461538461536 0.05889423076923077 0.07572115384615384
6 0.4879807692307692 0.37740384615384615 0.021634615384615384 0.038461538461538464
6 0.5396634615384616 0.38341346153846156 0.021634615384615384 0.028846153846153848
6 0.6237980769230769 0.4326923076923077 0.018028846153846152 0.03485576923076923
1 0.6598557692307693 0.5 0.08173076923076923 0.09014423076923077
1 0.6658653846153846 0.5024038461538461 0.07211538461538461 0.06971153846153846
6 0.7067307692307693 0.3954326923076923 0.027644230769230768 0.06850961538461539
6 0.7055288461538461 0.39783653846153844 0.02403846153846154 0.06490384615384616
1 0.8713942307692307 0.5697115384615384 0.24639423076923078 0.22235576923076922