1 0.013221153846153846 0.5877403846153846 0.025240384615384616 0.10096153846153846
2 0.018028846153846152 0.5336538461538461 0.015625 0.078125
2 0.018028846153846152 0.5264423076923077 0.013221153846153846 0.08052884615384616
1 0.23317307692307693 0.6802884615384616 0.38461538461538464 0.43149038461538464
6 0.15865384615384615 0.39783653846153844 0.013221153846153846 0.04447115384615385
1 0.4362980769230769 0.53125 0.03485576923076923 0.056490384615384616
6 0.5144230769230769 0.36538461538461536 0.018028846153846152 0.056490384615384616
2 0.6478365384615384 0.53125 0.021634615384615384 0.10096153846153846
2 0.6466346153846154 0.5288461538461539 0.018028846153846152 0.09134615384615384
2 0.7211538461538461 0.5372596153846154 0.03365384615384615 0.21634615384615385
2 0.7475961538461539 0.5228365384615384 0.06850961538461539 0.25961538461538464
2 0.9158653846153846 0.5336538461538461 0.03365384615384615 0.18990384615384615
2 0.9182692307692307 0.5276442307692307 0.03365384615384615 0.17548076923076922