1 0.8341346153846154 0.7115384615384616 0.328125 0.5745192307692307
1 0.07211538461538461 0.5649038461538461 0.14302884615384615 0.265625
1 0.07572115384615384 0.5685096153846154 0.1502403846153846 0.2692307692307692
1 0.15985576923076922 0.5336538461538461 0.05889423076923077 0.06490384615384616
1 0.2920673076923077 0.5432692307692307 0.05889423076923077 0.0625
1 0.29447115384615385 0.5396634615384616 0.04447115384615385 0.06009615384615385
1 0.3245192307692308 0.5384615384615384 0.025240384615384616 0.04927884615384615
1 0.46274038461538464 0.5252403846153846 0.04447115384615385 0.05889423076923077
1 0.46634615384615385 0.5252403846153846 0.04927884615384615 0.06971153846153846
1 0.5721153846153846 0.5552884615384616 0.12740384615384615 0.21153846153846154
1 0.5576923076923077 0.5480769230769231 0.08774038461538461 0.17427884615384615
1 0.6526442307692307 0.6069711538461539 0.2283653846153846 0.2692307692307692
1 0.6598557692307693 0.6069711538461539 0.2439903846153846 0.2692307692307692