1 0.2920673076923077 0.5096153846153846 0.05889423076923077 0.08052884615384616
1 0.2920673076923077 0.5072115384615384 0.04927884615384615 0.0625
1 0.33052884615384615 0.5084134615384616 0.027644230769230768 0.056490384615384616
1 0.35697115384615385 0.5072115384615384 0.025240384615384616 0.05048076923076923
1 0.40384615384615385 0.49759615384615385 0.02403846153846154 0.028846153846153848
1 0.4254807692307692 0.49759615384615385 0.04447115384615385 0.04326923076923077
1 0.48677884615384615 0.4891826923076923 0.040865384615384616 0.055288461538461536
1 0.5108173076923077 0.484375 0.019230769230769232 0.028846153846153848
1 0.53125 0.4891826923076923 0.019230769230769232 0.028846153846153848
1 0.5913461538461539 0.5072115384615384 0.05048076923076923 0.0625
1 0.6634615384615384 0.53125 0.09375 0.109375
1 0.6634615384615384 0.5396634615384616 0.09134615384615384 0.11778846153846154