1 0.08413461538461539 0.6165865384615384 0.16826923076923078 0.21514423076923078
1 0.08173076923076923 0.6057692307692307 0.16346153846153846 0.15985576923076922
1 0.15865384615384615 0.5528846153846154 0.04927884615384615 0.04927884615384615
1 0.19591346153846154 0.5576923076923077 0.07451923076923077 0.08173076923076923
1 0.1971153846153846 0.5612980769230769 0.06009615384615385 0.06971153846153846
1 0.2439903846153846 0.5637019230769231 0.040865384615384616 0.05048076923076923
1 0.2848557692307692 0.5588942307692307 0.056490384615384616 0.08052884615384616
1 0.36538461538461536 0.5661057692307693 0.037259615384615384 0.046875
1 0.3918269230769231 0.5480769230769231 0.03125 0.038461538461538464
1 0.47596153846153844 0.5588942307692307 0.0625 0.06009615384615385
1 0.8305288461538461 0.5444711538461539 0.33413461538461536 0.31490384615384615
10 0.8377403846153846 0.5492788461538461 0.31850961538461536 0.2091346153846154