1 0.06850961538461539 0.6225961538461539 0.13701923076923078 0.3629807692307692
1 0.1875 0.5372596153846154 0.04927884615384615 0.07451923076923077
1 0.3317307692307692 0.6538461538461539 0.32211538461538464 0.40024038461538464
3 0.2776442307692308 0.2800480769230769 0.025240384615384616 0.06610576923076923
3 0.38822115384615385 0.2860576923076923 0.02403846153846154 0.07451923076923077
3 0.5637019230769231 0.41466346153846156 0.027644230769230768 0.07572115384615384
2 0.5600961538461539 0.5228365384615384 0.019230769230769232 0.078125
2 0.5793269230769231 0.5204326923076923 0.018028846153846152 0.08173076923076923
2 0.59375 0.5252403846153846 0.019230769230769232 0.08413461538461539
2 0.6117788461538461 0.5240384615384616 0.02403846153846154 0.09134615384615384
0 0.6286057692307693 0.5300480769230769 0.02403846153846154 0.09014423076923077
0 0.6490384615384616 0.5288461538461539 0.03365384615384615 0.09134615384615384
2 0.6875 0.5252403846153846 0.021634615384615384 0.09014423076923077
2 0.7007211538461539 0.5288461538461539 0.025240384615384616 0.08653846153846154
2 0.7259615384615384 0.5216346153846154 0.021634615384615384 0.08653846153846154
2 0.7740384615384616 0.5180288461538461 0.025240384615384616 0.11778846153846154
1 0.9507211538461539 0.5240384615384616 0.09375 0.08413461538461539