2 0.013221153846153846 0.53125 0.025240384615384616 0.09014423076923077
2 0.9278846153846154 0.4651442307692308 0.040865384615384616 0.1502403846153846
2 0.9038461538461539 0.5408653846153846 0.07572115384615384 0.1346153846153846
2 0.9771634615384616 0.47596153846153844 0.04326923076923077 0.16826923076923078
2 0.9663461538461539 0.49759615384615385 0.056490384615384616 0.1778846153846154
1 0.11177884615384616 0.5600961538461539 0.09134615384615384 0.09375
1 0.18509615384615385 0.5396634615384616 0.052884615384615384 0.07572115384615384
1 0.23677884615384615 0.5408653846153846 0.04326923076923077 0.06490384615384616
1 0.4014423076923077 0.5432692307692307 0.09615384615384616 0.10697115384615384
1 0.4495192307692308 0.515625 0.037259615384615384 0.04927884615384615
1 0.6490384615384616 0.5528846153846154 0.12740384615384615 0.14302884615384615
2 0.6550480769230769 0.47596153846153844 0.021634615384615384 0.04326923076923077
2 0.6947115384615384 0.47115384615384615 0.021634615384615384 0.052884615384615384