1 0.21754807692307693 0.7115384615384616 0.43509615384615385 0.49759615384615385
1 0.06971153846153846 0.578125 0.1346153846153846 0.1466346153846154
2 0.12740384615384615 0.41586538461538464 0.015625 0.03125
6 0.15384615384615385 0.39903846153846156 0.018028846153846152 0.055288461538461536
1 0.40865384615384615 0.5480769230769231 0.08052884615384616 0.11899038461538461
6 0.5252403846153846 0.3713942307692308 0.019230769230769232 0.06850961538461539
2 0.6045673076923077 0.5252403846153846 0.018028846153846152 0.078125
2 0.625 0.5252403846153846 0.021634615384615384 0.07572115384615384
2 0.6694711538461539 0.5324519230769231 0.027644230769230768 0.09615384615384616
1 0.7800480769230769 0.5360576923076923 0.20673076923076922 0.1346153846153846
2 0.8329326923076923 0.5336538461538461 0.04447115384615385 0.2403846153846154
2 0.8882211538461539 0.5264423076923077 0.056490384615384616 0.2439903846153846
2 0.9831730769230769 0.5384615384615384 0.03125 0.21634615384615385