1 0.9362980769230769 0.5444711538461539 0.12259615384615384 0.11298076923076923
1 0.06971153846153846 0.5396634615384616 0.109375 0.10576923076923077
4 0.34975961538461536 0.640625 0.01201923076923077 0.03485576923076923
1 0.41586538461538464 0.5180288461538461 0.04927884615384615 0.06850961538461539
1 0.47596153846153844 0.5216346153846154 0.03485576923076923 0.040865384615384616
4 0.4699519230769231 0.39302884615384615 0.01201923076923077 0.03365384615384615
1 0.4987980769230769 0.5084134615384616 0.02403846153846154 0.028846153846153848
1 0.5228365384615384 0.5216346153846154 0.0625 0.08413461538461539
4 0.5240384615384616 0.38822115384615385 0.01201923076923077 0.03365384615384615
1 0.6322115384615384 0.5192307692307693 0.052884615384615384 0.06610576923076923
1 0.6923076923076923 0.5276442307692307 0.037259615384615384 0.055288461538461536
1 0.7379807692307693 0.5192307692307693 0.08413461538461539 0.08653846153846154
1 0.7391826923076923 0.5240384615384616 0.078125 0.08413461538461539