2 0.29447115384615385 0.5360576923076923 0.040865384615384616 0.171875
2 0.29447115384615385 0.5372596153846154 0.03485576923076923 0.17427884615384615
2 0.39783653846153844 0.5612980769230769 0.09615384615384616 0.30288461538461536
2 0.36899038461538464 0.5264423076923077 0.037259615384615384 0.1875
2 0.4567307692307692 0.5204326923076923 0.037259615384615384 0.1778846153846154
2 0.49399038461538464 0.5576923076923077 0.078125 0.29086538461538464
1 0.49278846153846156 0.5528846153846154 0.04927884615384615 0.2439903846153846
1 0.65625 0.5865384615384616 0.32211538461538464 0.21514423076923078
2 0.5865384615384616 0.5024038461538461 0.046875 0.09735576923076923
2 0.609375 0.5036057692307693 0.040865384615384616 0.09615384615384616
2 0.8677884615384616 0.5805288461538461 0.17548076923076922 0.4963942307692308
1 0.9423076923076923 0.5228365384615384 0.11298076923076923 0.19110576923076922