1 0.054086538461538464 0.5600961538461539 0.10697115384615384 0.19951923076923078
1 0.9350961538461539 0.6009615384615384 0.12860576923076922 0.2536057692307692
1 0.09615384615384616 0.5204326923076923 0.1310096153846154 0.19471153846153846
1 0.18509615384615385 0.5480769230769231 0.07451923076923077 0.11899038461538461
1 0.22115384615384615 0.5336538461538461 0.0625 0.09615384615384616
1 0.22716346153846154 0.5384615384615384 0.040865384615384616 0.06610576923076923
1 0.2644230769230769 0.5252403846153846 0.05889423076923077 0.08052884615384616
1 0.26802884615384615 0.5264423076923077 0.04927884615384615 0.06971153846153846
1 0.30408653846153844 0.5180288461538461 0.04447115384615385 0.078125
1 0.31009615384615385 0.5216346153846154 0.04447115384615385 0.056490384615384616
1 0.37259615384615385 0.5216346153846154 0.04927884615384615 0.06490384615384616
1 0.3737980769230769 0.5228365384615384 0.040865384615384616 0.04447115384615385
6 0.3918269230769231 0.40384615384615385 0.019230769230769232 0.04326923076923077
6 0.3918269230769231 0.40024038461538464 0.009615384615384616 0.02403846153846154
1 0.43149038461538464 0.5132211538461539 0.052884615384615384 0.078125
6 0.44350961538461536 0.40384615384615385 0.021634615384615384 0.04447115384615385
1 0.44471153846153844 0.39903846153846156 0.01201923076923077 0.028846153846153848
6 0.48677884615384615 0.4014423076923077 0.018028846153846152 0.04326923076923077
6 0.48677884615384615 0.4026442307692308 0.01201923076923077 0.03125
1 0.53125 0.5228365384615384 0.05048076923076923 0.06610576923076923
1 0.5853365384615384 0.5072115384615384 0.055288461538461536 0.08774038461538461
1 0.5889423076923077 0.5096153846153846 0.046875 0.06971153846153846
1 0.6057692307692307 0.5252403846153846 0.03125 0.06490384615384616
6 0.6033653846153846 0.42427884615384615 0.021634615384615384 0.0625
6 0.6045673076923077 0.4254807692307692 0.015625 0.038461538461538464
1 0.6370192307692307 0.5264423076923077 0.06009615384615385 0.09735576923076923
1 0.6382211538461539 0.5252403846153846 0.06009615384615385 0.11298076923076923
1 0.6887019230769231 0.5360576923076923 0.109375 0.11177884615384616
1 0.6850961538461539 0.5360576923076923 0.10096153846153846 0.09134615384615384