2 0.7536057692307693 0.4735576923076923 0.025240384615384616 0.125
10 0.07211538461538461 0.4987980769230769 0.14423076923076922 0.21514423076923078
10 0.20793269230769232 0.4675480769230769 0.1622596153846154 0.265625
1 0.35336538461538464 0.5120192307692307 0.056490384615384616 0.07572115384615384
0 0.39663461538461536 0.5084134615384616 0.027644230769230768 0.09134615384615384
2 0.6622596153846154 0.47836538461538464 0.028846153846153848 0.10336538461538461
2 0.6622596153846154 0.46634615384615385 0.027644230769230768 0.078125
2 0.6899038461538461 0.47475961538461536 0.03485576923076923 0.10697115384615384
2 0.6887019230769231 0.48197115384615385 0.028846153846153848 0.11177884615384616
2 0.7283653846153846 0.4735576923076923 0.028846153846153848 0.11778846153846154
2 0.7992788461538461 0.46033653846153844 0.037259615384615384 0.16346153846153846