1 0.15384615384615385 0.53125 0.24759615384615385 0.25600961538461536
4 0.13701923076923078 0.39903846153846156 0.018028846153846152 0.03125
1 0.33413461538461536 0.49278846153846156 0.037259615384615384 0.04326923076923077
1 0.33653846153846156 0.49399038461538464 0.037259615384615384 0.04447115384615385
1 0.36177884615384615 0.4855769230769231 0.03365384615384615 0.04927884615384615
1 0.5204326923076923 0.5048076923076923 0.09134615384615384 0.12740384615384615
4 0.5204326923076923 0.3125 0.018028846153846152 0.05889423076923077
4 0.6117788461538461 0.41225961538461536 0.013221153846153846 0.038461538461538464
4 0.6129807692307693 0.39903846153846156 0.01201923076923077 0.038461538461538464
1 0.7319711538461539 0.49759615384615385 0.038461538461538464 0.05048076923076923
1 0.8413461538461539 0.4831730769230769 0.18389423076923078 0.10697115384615384