1 0.12740384615384615 0.5516826923076923 0.25 0.35336538461538464
1 0.265625 0.49278846153846156 0.055288461538461536 0.03485576923076923
1 0.2704326923076923 0.4879807692307692 0.04447115384615385 0.046875
1 0.30649038461538464 0.4987980769230769 0.037259615384615384 0.038461538461538464
1 0.3137019230769231 0.49759615384615385 0.028846153846153848 0.04326923076923077
1 0.3713942307692308 0.48677884615384615 0.025240384615384616 0.040865384615384616
1 0.41947115384615385 0.49038461538461536 0.056490384615384616 0.07572115384615384
1 0.45072115384615385 0.4855769230769231 0.03485576923076923 0.05048076923076923
1 0.5024038461538461 0.4855769230769231 0.021634615384615384 0.021634615384615384
1 0.5757211538461539 0.4879807692307692 0.04927884615384615 0.06971153846153846
1 0.6430288461538461 0.5180288461538461 0.10096153846153846 0.10336538461538461
1 0.7896634615384616 0.49759615384615385 0.12139423076923077 0.06850961538461539