1 0.056490384615384616 0.5637019230769231 0.11298076923076923 0.0985576923076923
1 0.31490384615384615 0.5348557692307693 0.046875 0.05048076923076923
1 0.3737980769230769 0.5348557692307693 0.04326923076923077 0.06009615384615385
1 0.37740384615384615 0.5288461538461539 0.04326923076923077 0.05048076923076923
1 0.43990384615384615 0.5288461538461539 0.04326923076923077 0.046875
1 0.43990384615384615 0.5300480769230769 0.037259615384615384 0.05048076923076923
0 0.4963942307692308 0.5252403846153846 0.019230769230769232 0.07211538461538461
1 0.5504807692307693 0.53125 0.07211538461538461 0.09975961538461539
1 0.6057692307692307 0.5456730769230769 0.07451923076923077 0.15865384615384615
1 0.6069711538461539 0.5456730769230769 0.07451923076923077 0.15625
1 0.7716346153846154 0.5096153846153846 0.28365384615384615 0.35336538461538464