1 0.0889423076923077 0.5216346153846154 0.10096153846153846 0.0625
1 0.11177884615384616 0.4723557692307692 0.02403846153846154 0.03485576923076923
1 0.1346153846153846 0.49278846153846156 0.03125 0.028846153846153848
1 0.13221153846153846 0.4963942307692308 0.027644230769230768 0.025240384615384616
10 0.22115384615384615 0.49278846153846156 0.10096153846153846 0.18028846153846154
7 0.28365384615384615 0.43509615384615385 0.013221153846153846 0.03485576923076923
1 0.33653846153846156 0.5096153846153846 0.04927884615384615 0.08653846153846154
1 0.35216346153846156 0.46634615384615385 0.027644230769230768 0.021634615384615384
1 0.35216346153846156 0.45072115384615385 0.019230769230769232 0.019230769230769232
1 0.3918269230769231 0.5252403846153846 0.09375 0.140625
1 0.41947115384615385 0.45552884615384615 0.02403846153846154 0.027644230769230768
4 0.4326923076923077 0.34975961538461536 0.015625 0.04447115384615385
4 0.4326923076923077 0.34615384615384615 0.013221153846153846 0.046875
1 0.4567307692307692 0.47716346153846156 0.028846153846153848 0.028846153846153848
1 0.4891826923076923 0.48197115384615385 0.028846153846153848 0.037259615384615384
4 0.5216346153846154 0.41225961538461536 0.01201923076923077 0.03485576923076923
1 0.6117788461538461 0.48677884615384615 0.08052884615384616 0.046875