0 0.021634615384615384 0.5480769230769231 0.03365384615384615 0.08653846153846154
0 0.019230769230769232 0.5432692307692307 0.019230769230769232 0.06971153846153846
1 0.12379807692307693 0.53125 0.09375 0.09735576923076923
10 0.12740384615384615 0.5288461538461539 0.09134615384615384 0.08774038461538461
1 0.19951923076923078 0.5384615384615384 0.07451923076923077 0.06490384615384616
1 0.203125 0.5024038461538461 0.06610576923076923 0.037259615384615384
10 0.20072115384615385 0.5144230769230769 0.055288461538461536 0.05048076923076923
10 0.2956730769230769 0.484375 0.10697115384615384 0.17548076923076922
1 0.3581730769230769 0.5204326923076923 0.03365384615384615 0.03485576923076923
1 0.3954326923076923 0.5192307692307693 0.03485576923076923 0.040865384615384616
7 0.4206730769230769 0.31490384615384615 0.019230769230769232 0.055288461538461536
1 0.5168269230769231 0.5108173076923077 0.07451923076923077 0.08774038461538461
6 0.5012019230769231 0.3173076923076923 0.021634615384615384 0.0625
6 0.6442307692307693 0.41225961538461536 0.021634615384615384 0.0625
1 0.9651442307692307 0.5288461538461539 0.0625 0.08413461538461539