1 0.1310096153846154 0.5829326923076923 0.2620192307692308 0.23197115384615385
1 0.24639423076923078 0.5024038461538461 0.12740384615384615 0.12740384615384615
1 0.31490384615384615 0.5072115384615384 0.12139423076923077 0.06610576923076923
1 0.33774038461538464 0.5228365384615384 0.078125 0.09975961538461539
1 0.3545673076923077 0.4879807692307692 0.07451923076923077 0.037259615384615384
1 0.45072115384615385 0.5036057692307693 0.05889423076923077 0.07211538461538461
1 0.45552884615384615 0.49759615384615385 0.056490384615384616 0.04447115384615385
1 0.5060096153846154 0.5036057692307693 0.13701923076923078 0.0625
1 0.7127403846153846 0.5144230769230769 0.1346153846153846 0.09975961538461539
1 0.7740384615384616 0.4831730769230769 0.08052884615384616 0.078125
1 0.8701923076923077 0.5144230769230769 0.10576923076923077 0.09615384615384616
1 0.9242788461538461 0.49038461538461536 0.03125 0.05048076923076923
1 0.9507211538461539 0.5024038461538461 0.056490384615384616 0.078125
1 0.9795673076923077 0.49759615384615385 0.028846153846153848 0.06490384615384616