2 0.5913461538461539 0.5132211538461539 0.013221153846153846 0.04447115384615385
1 0.030048076923076924 0.5805288461538461 0.06009615384615385 0.11899038461538461
2 0.010817307692307692 0.5180288461538461 0.015625 0.046875
2 0.013221153846153846 0.5252403846153846 0.018028846153846152 0.078125
1 0.2439903846153846 0.6802884615384616 0.36177884615384615 0.43149038461538464
2 0.15144230769230768 0.5252403846153846 0.015625 0.04326923076923077
6 0.15865384615384615 0.39903846153846156 0.013221153846153846 0.04447115384615385
1 0.4362980769230769 0.53125 0.03485576923076923 0.056490384615384616
6 0.5144230769230769 0.36778846153846156 0.018028846153846152 0.056490384615384616
2 0.6490384615384616 0.53125 0.021634615384615384 0.10096153846153846
2 0.7439903846153846 0.53125 0.03365384615384615 0.21634615384615385
2 0.7800480769230769 0.5228365384615384 0.06850961538461539 0.25961538461538464
2 0.9182692307692307 0.5336538461538461 0.03365384615384615 0.18990384615384615