1 0.05048076923076923 0.5348557692307693 0.09975961538461539 0.12740384615384615
1 0.11298076923076923 0.5264423076923077 0.03365384615384615 0.040865384615384616
1 0.21634615384615385 0.515625 0.025240384615384616 0.03125
2 0.22956730769230768 0.5240384615384616 0.013221153846153846 0.055288461538461536
1 0.2932692307692308 0.5336538461538461 0.06971153846153846 0.09975961538461539
2 0.2824519230769231 0.5408653846153846 0.03485576923076923 0.125
4 0.3954326923076923 0.33052884615384615 0.025240384615384616 0.08413461538461539
2 0.4699519230769231 0.5516826923076923 0.040865384615384616 0.1502403846153846
2 0.6165865384615384 0.5240384615384616 0.040865384615384616 0.15985576923076922
2 0.671875 0.5072115384615384 0.03485576923076923 0.14423076923076922
2 0.7980769230769231 0.5084134615384616 0.03485576923076923 0.1502403846153846
1 0.9350961538461539 0.5540865384615384 0.125 0.13221153846153846
1 0.9362980769230769 0.5516826923076923 0.12259615384615384 0.10336538461538461