1 0.046875 0.5360576923076923 0.06610576923076923 0.028846153846153848
10 0.10096153846153846 0.49399038461538464 0.15264423076923078 0.07572115384615384
1 0.16346153846153846 0.5492788461538461 0.078125 0.037259615384615384
1 0.2536057692307692 0.5372596153846154 0.052884615384615384 0.03485576923076923
1 0.2536057692307692 0.5396634615384616 0.04927884615384615 0.03365384615384615
1 0.31009615384615385 0.5264423076923077 0.03125 0.03365384615384615
1 0.34375 0.5480769230769231 0.052884615384615384 0.07211538461538461
1 0.3449519230769231 0.5492788461538461 0.04326923076923077 0.05889423076923077
1 0.3713942307692308 0.5456730769230769 0.019230769230769232 0.052884615384615384
1 0.4495192307692308 0.5805288461538461 0.13822115384615385 0.18028846153846154
7 0.4254807692307692 0.40384615384615385 0.018028846153846152 0.038461538461538464
3 0.4266826923076923 0.4026442307692308 0.01201923076923077 0.03485576923076923
4 0.47716346153846156 0.40384615384615385 0.013221153846153846 0.040865384615384616
1 0.5084134615384616 0.53125 0.03365384615384615 0.09134615384615384
1 0.5288461538461539 0.5384615384615384 0.013221153846153846 0.046875
1 0.5516826923076923 0.5396634615384616 0.03365384615384615 0.046875
4 0.5576923076923077 0.46153846153846156 0.01201923076923077 0.025240384615384616
2 0.8461538461538461 0.5444711538461539 0.025240384615384616 0.18509615384615385