1 0.040865384615384616 0.4266826923076923 0.08173076923076923 0.08413461538461539
1 0.09615384615384616 0.43509615384615385 0.04326923076923077 0.08413461538461539
1 0.12980769230769232 0.43149038461538464 0.04927884615384615 0.09014423076923077
1 0.16947115384615385 0.45913461538461536 0.08653846153846154 0.08774038461538461
1 0.18990384615384615 0.4567307692307692 0.05048076923076923 0.0625
1 0.2848557692307692 0.44350961538461536 0.06009615384615385 0.0625
1 0.2848557692307692 0.4519230769230769 0.04927884615384615 0.06009615384615385
6 0.42427884615384615 0.4170673076923077 0.01201923076923077 0.02403846153846154
1 0.4891826923076923 0.49759615384615385 0.10697115384615384 0.16947115384615385
8 0.4987980769230769 0.3918269230769231 0.009615384615384616 0.028846153846153848
1 0.6286057692307693 0.4807692307692308 0.05048076923076923 0.05048076923076923
1 0.6802884615384616 0.5036057692307693 0.06971153846153846 0.08173076923076923
1 0.7235576923076923 0.49158653846153844 0.037259615384615384 0.04927884615384615
1 0.7860576923076923 0.49759615384615385 0.06490384615384616 0.06971153846153846
1 0.7896634615384616 0.5036057692307693 0.056490384615384616 0.05889423076923077
1 0.8557692307692307 0.5036057692307693 0.052884615384615384 0.0625
1 0.9026442307692307 0.5120192307692307 0.04326923076923077 0.04326923076923077
1 0.9507211538461539 0.5600961538461539 0.09134615384615384 0.14423076923076922
1 0.953125 0.5612980769230769 0.09014423076923077 0.13701923076923078