0 0.9375 0.5168269230769231 0.06009615384615385 0.09014423076923077
1 0.03245192307692308 0.5480769230769231 0.06490384615384616 0.08774038461538461
1 0.07451923076923077 0.5492788461538461 0.09134615384615384 0.09975961538461539
1 0.07572115384615384 0.5540865384615384 0.09134615384615384 0.09615384615384616
1 0.18990384615384615 0.5384615384615384 0.078125 0.07572115384615384
1 0.265625 0.5408653846153846 0.0625 0.06610576923076923
1 0.2692307692307692 0.5336538461538461 0.06610576923076923 0.0625
1 0.31850961538461536 0.5240384615384616 0.05048076923076923 0.05048076923076923
1 0.3858173076923077 0.5288461538461539 0.04326923076923077 0.05048076923076923
10 0.6454326923076923 0.43509615384615385 0.47596153846153844 0.35096153846153844
7 0.4230769230769231 0.30288461538461536 0.021634615384615384 0.028846153846153848
6 0.4987980769230769 0.30649038461538464 0.025240384615384616 0.04326923076923077
1 0.9399038461538461 0.7199519230769231 0.11298076923076923 0.5336538461538461
1 0.9435096153846154 0.6730769230769231 0.109375 0.4411057692307692