1 0.0889423076923077 0.5420673076923077 0.06490384615384616 0.06009615384615385
1 0.14302884615384615 0.5300480769230769 0.07211538461538461 0.055288461538461536
1 0.20192307692307693 0.5204326923076923 0.04927884615384615 0.055288461538461536
4 0.3485576923076923 0.3894230769230769 0.018028846153846152 0.04927884615384615
1 0.42908653846153844 0.5252403846153846 0.05889423076923077 0.07451923076923077
4 0.5192307692307693 0.3918269230769231 0.015625 0.055288461538461536
2 0.6418269230769231 0.5036057692307693 0.025240384615384616 0.078125
2 0.8004807692307693 0.5072115384615384 0.028846153846153848 0.109375
0 0.8557692307692307 0.4951923076923077 0.04326923076923077 0.08774038461538461
0 0.8533653846153846 0.47716346153846156 0.02403846153846154 0.04927884615384615
1 0.9158653846153846 0.5012019230769231 0.1502403846153846 0.07572115384615384