1 0.11298076923076923 0.5336538461538461 0.22596153846153846 0.18028846153846154
1 0.33052884615384615 0.6514423076923077 0.3245192307692308 0.4098557692307692
7 0.2800480769230769 0.27524038461538464 0.019230769230769232 0.05889423076923077
6 0.390625 0.28725961538461536 0.018028846153846152 0.06610576923076923
2 0.5384615384615384 0.5228365384615384 0.013221153846153846 0.06850961538461539
2 0.5504807692307693 0.5228365384615384 0.013221153846153846 0.07211538461538461
6 0.5625 0.4074519230769231 0.019230769230769232 0.0625
2 0.5661057692307693 0.5228365384615384 0.02403846153846154 0.09615384615384616
2 0.5805288461538461 0.5180288461538461 0.021634615384615384 0.08173076923076923
2 0.5817307692307693 0.5168269230769231 0.021634615384615384 0.07451923076923077
0 0.6598557692307693 0.5276442307692307 0.037259615384615384 0.09134615384615384
0 0.6983173076923077 0.5300480769230769 0.06490384615384616 0.09975961538461539
1 0.9507211538461539 0.5180288461538461 0.09615384615384616 0.08653846153846154