2 0.9795673076923077 0.5649038461538461 0.038461538461538464 0.43149038461538464
1 0.15384615384615385 0.5637019230769231 0.19110576923076922 0.1502403846153846
1 0.15384615384615385 0.5649038461538461 0.18509615384615385 0.15865384615384615
1 0.24759615384615385 0.5384615384615384 0.019230769230769232 0.06971153846153846
1 0.29086538461538464 0.5336538461538461 0.03125 0.052884615384615384
1 0.4879807692307692 0.5288461538461539 0.028846153846153848 0.06490384615384616
1 0.5264423076923077 0.5336538461538461 0.06490384615384616 0.07572115384615384
2 0.6165865384615384 0.5108173076923077 0.019230769230769232 0.09615384615384616
2 0.6165865384615384 0.5048076923076923 0.019230769230769232 0.09735576923076923
2 0.7091346153846154 0.5108173076923077 0.028846153846153848 0.13221153846153846
2 0.7199519230769231 0.5276442307692307 0.040865384615384616 0.13822115384615385