1 0.12980769230769232 0.5396634615384616 0.06490384615384616 0.06850961538461539
2 0.5685096153846154 0.5084134615384616 0.01201923076923077 0.046875
2 0.5384615384615384 0.5108173076923077 0.013221153846153846 0.04447115384615385
1 0.9543269230769231 0.5180288461538461 0.08774038461538461 0.09134615384615384
1 0.0673076923076923 0.5384615384615384 0.12740384615384615 0.10697115384615384
1 0.33052884615384615 0.6502403846153846 0.32572115384615385 0.4098557692307692
7 0.2800480769230769 0.27524038461538464 0.019230769230769232 0.055288461538461536
6 0.3918269230769231 0.28725961538461536 0.015625 0.06009615384615385
1 0.625 0.5300480769230769 0.1814903846153846 0.09975961538461539
6 0.5637019230769231 0.4074519230769231 0.018028846153846152 0.055288461538461536
0 0.7848557692307693 0.5216346153846154 0.06490384615384616 0.09975961538461539