2 0.11177884615384616 0.5072115384615384 0.025240384615384616 0.046875
2 0.11177884615384616 0.5144230769230769 0.02403846153846154 0.052884615384615384
2 0.19951923076923078 0.59375 0.07211538461538461 0.29447115384615385
2 0.22596153846153846 0.5721153846153846 0.04447115384615385 0.24639423076923078
0 0.27884615384615385 0.5180288461538461 0.027644230769230768 0.07211538461538461
2 0.3076923076923077 0.5661057692307693 0.078125 0.296875
1 0.40024038461538464 0.5552884615384616 0.16826923076923078 0.17427884615384615
2 0.40384615384615385 0.5817307692307693 0.06009615384615385 0.24278846153846154
1 0.5612980769230769 0.4951923076923077 0.1346153846153846 0.09375
1 0.6201923076923077 0.5024038461538461 0.09975961538461539 0.07572115384615384
1 0.6622596153846154 0.4891826923076923 0.10576923076923077 0.078125