1 0.07451923076923077 0.5685096153846154 0.1346153846153846 0.16947115384615385
1 0.14302884615384615 0.5600961538461539 0.019230769230769232 0.05889423076923077
2 0.17067307692307693 0.5276442307692307 0.021634615384615384 0.040865384615384616
2 0.17067307692307693 0.53125 0.018028846153846152 0.038461538461538464
1 0.375 0.5456730769230769 0.07572115384615384 0.09134615384615384
1 0.49759615384615385 0.53125 0.05889423076923077 0.06971153846153846
2 0.6177884615384616 0.53125 0.027644230769230768 0.04927884615384615
2 0.6213942307692307 0.5396634615384616 0.025240384615384616 0.05048076923076923
2 0.6298076923076923 0.515625 0.02403846153846154 0.03485576923076923
2 0.6598557692307693 0.4855769230769231 0.019230769230769232 0.038461538461538464
2 0.6850961538461539 0.48197115384615385 0.021634615384615384 0.037259615384615384
2 0.6875 0.47475961538461536 0.021634615384615384 0.04447115384615385
1 0.8413461538461539 0.6177884615384616 0.31490384615384615 0.39302884615384615
2 0.8100961538461539 0.43990384615384615 0.021634615384615384 0.037259615384615384