1 0.04807692307692308 0.4579326923076923 0.09615384615384616 0.09735576923076923
1 0.03125 0.5084134615384616 0.0625 0.078125
10 0.04326923076923077 0.46634615384615385 0.08413461538461539 0.11177884615384616
1 0.3233173076923077 0.4831730769230769 0.040865384615384616 0.04326923076923077
1 0.32572115384615385 0.4795673076923077 0.03365384615384615 0.028846153846153848
1 0.36538461538461536 0.4699519230769231 0.028846153846153848 0.040865384615384616
1 0.41947115384615385 0.4807692307692308 0.025240384615384616 0.04326923076923077
1 0.41947115384615385 0.47475961538461536 0.019230769230769232 0.03485576923076923
7 0.44350961538461536 0.3942307692307692 0.019230769230769232 0.040865384615384616
6 0.44591346153846156 0.39302884615384615 0.015625 0.037259615384615384
3 0.5432692307692307 0.33653846153846156 0.018028846153846152 0.038461538461538464
1 0.5540865384615384 0.47836538461538464 0.028846153846153848 0.046875
1 0.5528846153846154 0.4807692307692308 0.025240384615384616 0.03125
6 0.5829326923076923 0.4050480769230769 0.015625 0.037259615384615384
8 0.5841346153846154 0.40384615384615385 0.015625 0.04447115384615385
8 0.6959134615384616 0.3425480769230769 0.02403846153846154 0.07211538461538461
6 0.6959134615384616 0.35336538461538464 0.021634615384615384 0.06610576923076923