2 0.640625 0.5048076923076923 0.025240384615384616 0.056490384615384616
2 0.04567307692307692 0.5420673076923077 0.018028846153846152 0.07451923076923077
2 0.054086538461538464 0.5420673076923077 0.019230769230769232 0.07572115384615384
7 0.056490384615384616 0.43509615384615385 0.018028846153846152 0.04927884615384615
2 0.08052884615384616 0.5384615384615384 0.02403846153846154 0.08052884615384616
2 0.078125 0.546875 0.013221153846153846 0.056490384615384616
2 0.08173076923076923 0.5420673076923077 0.01201923076923077 0.07572115384615384
2 0.09615384615384616 0.5444711538461539 0.013221153846153846 0.06971153846153846
2 0.10336538461538461 0.5432692307692307 0.013221153846153846 0.06971153846153846
2 0.1310096153846154 0.5360576923076923 0.018028846153846152 0.07211538461538461
1 0.171875 0.5252403846153846 0.08774038461538461 0.07451923076923077
2 0.20673076923076922 0.6105769230769231 0.15384615384615385 0.39302884615384615
10 0.15865384615384615 0.5168269230769231 0.052884615384615384 0.08653846153846154
2 0.14903846153846154 0.5276442307692307 0.021634615384615384 0.078125
0 0.16105769230769232 0.5396634615384616 0.04927884615384615 0.08052884615384616
1 0.24519230769230768 0.515625 0.0625 0.05889423076923077
1 0.2439903846153846 0.5336538461538461 0.05889423076923077 0.04447115384615385
2 0.2848557692307692 0.5132211538461539 0.02403846153846154 0.07451923076923077
10 0.33052884615384615 0.4807692307692308 0.09735576923076923 0.14302884615384615
7 0.4495192307692308 0.31971153846153844 0.021634615384615384 0.052884615384615384
1 0.5192307692307693 0.5204326923076923 0.0625 0.05889423076923077
1 0.5228365384615384 0.5192307692307693 0.06490384615384616 0.0625
6 0.5204326923076923 0.3245192307692308 0.021634615384615384 0.06850961538461539
6 0.6574519230769231 0.4074519230769231 0.019230769230769232 0.0625