1 0.9098557692307693 0.6225961538461539 0.17548076923076922 0.5528846153846154
1 0.08173076923076923 0.53125 0.16346153846153846 0.1778846153846154
1 0.07932692307692307 0.53125 0.15625 0.1622596153846154
1 0.28966346153846156 0.5384615384615384 0.08173076923076923 0.09735576923076923
1 0.2956730769230769 0.5228365384615384 0.08653846153846154 0.09735576923076923
6 0.36899038461538464 0.4182692307692308 0.028846153846153848 0.09615384615384616
6 0.36899038461538464 0.41586538461538464 0.027644230769230768 0.09615384615384616
1 0.43509615384615385 0.5132211538461539 0.06490384615384616 0.06009615384615385
1 0.5348557692307693 0.5 0.025240384615384616 0.046875
1 0.5757211538461539 0.49759615384615385 0.03365384615384615 0.04927884615384615
7 0.5913461538461539 0.19471153846153846 0.013221153846153846 0.046875
7 0.5961538461538461 0.19591346153846154 0.019230769230769232 0.0625
1 0.6310096153846154 0.4963942307692308 0.06490384615384616 0.04927884615384615
6 0.6129807692307693 0.38822115384615385 0.015625 0.038461538461538464
6 0.6129807692307693 0.39302884615384615 0.015625 0.046875
1 0.6382211538461539 0.4963942307692308 0.056490384615384616 0.04447115384615385
6 0.6802884615384616 0.38221153846153844 0.015625 0.038461538461538464
6 0.6826923076923077 0.38221153846153844 0.013221153846153846 0.038461538461538464
1 0.7752403846153846 0.5456730769230769 0.18509615384615385 0.20552884615384615
1 0.7560096153846154 0.5396634615384616 0.13822115384615385 0.1971153846153846
6 0.734375 0.21875 0.018028846153846152 0.040865384615384616
6 0.7367788461538461 0.23076923076923078 0.019230769230769232 0.056490384615384616
6 0.7451923076923077 0.43149038461538464 0.018028846153846152 0.038461538461538464
6 0.7427884615384616 0.42788461538461536 0.009615384615384616 0.028846153846153848
6 0.9122596153846154 0.3605769230769231 0.019230769230769232 0.05048076923076923
6 0.9158653846153846 0.3605769230769231 0.015625 0.040865384615384616
2 0.9927884615384616 0.5108173076923077 0.013221153846153846 0.078125