2 0.014423076923076924 0.5733173076923077 0.027644230769230768 0.27524038461538464
1 0.025240384615384616 0.5769230769230769 0.037259615384615384 0.055288461538461536
1 0.06009615384615385 0.5600961538461539 0.08173076923076923 0.09735576923076923
1 0.06850961538461539 0.5637019230769231 0.06009615384615385 0.09735576923076923
1 0.11899038461538461 0.5552884615384616 0.040865384615384616 0.06971153846153846
1 0.17668269230769232 0.5516826923076923 0.056490384615384616 0.07451923076923077
1 0.21754807692307693 0.5552884615384616 0.04326923076923077 0.06009615384615385
1 0.21514423076923078 0.5576923076923077 0.025240384615384616 0.04927884615384615
1 0.5240384615384616 0.5528846153846154 0.03365384615384615 0.055288461538461536
1 0.5252403846153846 0.5600961538461539 0.02403846153846154 0.04447115384615385
1 0.5408653846153846 0.5540865384615384 0.02403846153846154 0.06850961538461539
1 0.5721153846153846 0.5552884615384616 0.06009615384615385 0.0625
1 0.5685096153846154 0.5600961538461539 0.046875 0.07572115384615384
1 0.6358173076923077 0.5697115384615384 0.08653846153846154 0.09014423076923077
1 0.7295673076923077 0.5721153846153846 0.09975961538461539 0.08774038461538461
1 0.8305288461538461 0.5769230769230769 0.09975961538461539 0.08173076923076923
1 0.9483173076923077 0.5841346153846154 0.06610576923076923 0.08774038461538461