1 0.27524038461538464 0.5264423076923077 0.052884615384615384 0.07572115384615384
1 0.27403846153846156 0.5288461538461539 0.040865384615384616 0.055288461538461536
3 0.31009615384615385 0.46153846153846156 0.019230769230769232 0.052884615384615384
7 0.3125 0.45913461538461536 0.019230769230769232 0.04447115384615385
1 0.3713942307692308 0.5288461538461539 0.056490384615384616 0.06971153846153846
1 0.4411057692307692 0.5540865384615384 0.10576923076923077 0.1310096153846154
1 0.44471153846153844 0.44591346153846156 0.09134615384615384 0.10096153846153846
10 0.44471153846153844 0.46634615384615385 0.08173076923076923 0.12259615384615384
4 0.45072115384615385 0.34975961538461536 0.02403846153846154 0.05048076923076923
4 0.45072115384615385 0.34975961538461536 0.019230769230769232 0.05048076923076923
4 0.5564903846153846 0.4375 0.015625 0.04927884615384615
2 0.5673076923076923 0.5216346153846154 0.025240384615384616 0.06009615384615385
5 0.6394230769230769 0.3485576923076923 0.03125 0.0625
4 0.6394230769230769 0.35096153846153844 0.027644230769230768 0.06490384615384616