10 0.057692307692307696 0.49158653846153844 0.11538461538461539 0.47475961538461536
1 0.18028846153846154 0.5516826923076923 0.0625 0.07451923076923077
1 0.1778846153846154 0.5504807692307693 0.055288461538461536 0.07211538461538461
1 0.2127403846153846 0.5348557692307693 0.015625 0.03125
1 0.2608173076923077 0.5396634615384616 0.04447115384615385 0.055288461538461536
2 0.3713942307692308 0.5228365384615384 0.027644230769230768 0.04326923076923077
2 0.6586538461538461 0.5024038461538461 0.019230769230769232 0.07211538461538461
2 0.65625 0.5084134615384616 0.013221153846153846 0.07572115384615384
2 0.6754807692307693 0.5060096153846154 0.019230769230769232 0.10576923076923077
2 0.6766826923076923 0.5024038461538461 0.015625 0.08774038461538461
2 0.6983173076923077 0.5060096153846154 0.027644230769230768 0.11899038461538461
2 0.6971153846153846 0.5012019230769231 0.018028846153846152 0.109375
2 0.7223557692307693 0.5096153846153846 0.025240384615384616 0.11778846153846154
2 0.7223557692307693 0.5048076923076923 0.013221153846153846 0.11298076923076923