1 0.27283653846153844 0.5336538461538461 0.17427884615384615 0.13701923076923078
1 0.27283653846153844 0.53125 0.16826923076923078 0.109375
1 0.39903846153846156 0.5180288461538461 0.04447115384615385 0.08653846153846154
1 0.41947115384615385 0.5084134615384616 0.055288461538461536 0.08413461538461539
1 0.43028846153846156 0.5108173076923077 0.04326923076923077 0.09134615384615384
1 0.49158653846153844 0.5024038461538461 0.028846153846153848 0.04326923076923077
1 0.6574519230769231 0.5060096153846154 0.040865384615384616 0.06490384615384616
1 0.6862980769230769 0.5180288461538461 0.037259615384615384 0.08653846153846154
1 0.734375 0.5132211538461539 0.09134615384615384 0.11899038461538461
1 0.7319711538461539 0.5180288461538461 0.07211538461538461 0.14302884615384615
1 0.8413461538461539 0.5252403846153846 0.19471153846153846 0.25
1 0.8401442307692307 0.5216346153846154 0.18990384615384615 0.1935096153846154