1 0.1201923076923077 0.5408653846153846 0.078125 0.08173076923076923
1 0.17908653846153846 0.5396634615384616 0.046875 0.06610576923076923
1 0.33052884615384615 0.6538461538461539 0.33052884615384615 0.42427884615384615
7 0.2800480769230769 0.2776442307692308 0.021634615384615384 0.06610576923076923
6 0.3894230769230769 0.28725961538461536 0.021634615384615384 0.07451923076923077
2 0.5024038461538461 0.5252403846153846 0.046875 0.07572115384615384
2 0.4963942307692308 0.5276442307692307 0.019230769230769232 0.07572115384615384
0 0.5096153846153846 0.5300480769230769 0.03365384615384615 0.07451923076923077
2 0.5276442307692307 0.5192307692307693 0.015625 0.07211538461538461
2 0.5492788461538461 0.53125 0.018028846153846152 0.07572115384615384
6 0.5637019230769231 0.4110576923076923 0.025240384615384616 0.06610576923076923
2 0.5649038461538461 0.53125 0.019230769230769232 0.07572115384615384
1 0.6610576923076923 0.5360576923076923 0.15384615384615385 0.09134615384615384
0 0.6634615384615384 0.49759615384615385 0.02403846153846154 0.028846153846153848
2 0.8641826923076923 0.5480769230769231 0.07451923076923077 0.21634615384615385
2 0.8653846153846154 0.546875 0.07451923076923077 0.21634615384615385
1 0.9759615384615384 0.5192307692307693 0.046875 0.09735576923076923