1 0.6274038461538461 0.4855769230769231 0.056490384615384616 0.04447115384615385
1 0.06971153846153846 0.5180288461538461 0.13822115384615385 0.15625
1 0.13822115384615385 0.5048076923076923 0.04447115384615385 0.04326923076923077
1 0.21033653846153846 0.5024038461538461 0.040865384615384616 0.05889423076923077
1 0.24879807692307693 0.5 0.03485576923076923 0.04326923076923077
1 0.25240384615384615 0.5012019230769231 0.037259615384615384 0.038461538461538464
1 0.29927884615384615 0.49158653846153844 0.05048076923076923 0.055288461538461536
1 0.2980769230769231 0.49759615384615385 0.04447115384615385 0.04326923076923077
3 0.31009615384615385 0.3125 0.015625 0.04326923076923077
1 0.3449519230769231 0.49158653846153844 0.03365384615384615 0.038461538461538464
1 0.3485576923076923 0.49158653846153844 0.037259615384615384 0.03485576923076923
4 0.38822115384615385 0.31971153846153844 0.019230769230769232 0.046875
4 0.39302884615384615 0.3269230769230769 0.019230769230769232 0.027644230769230768
4 0.45072115384615385 0.3173076923076923 0.015625 0.04326923076923077
4 0.453125 0.3473557692307692 0.019230769230769232 0.038461538461538464
4 0.5841346153846154 0.41947115384615385 0.015625 0.03125
4 0.5901442307692307 0.4026442307692308 0.019230769230769232 0.04447115384615385