1 0.02283653846153846 0.5685096153846154 0.04447115384615385 0.13701923076923078
2 0.037259615384615384 0.53125 0.027644230769230768 0.078125
2 0.09735576923076923 0.5588942307692307 0.03365384615384615 0.09735576923076923
2 0.09975961538461539 0.5588942307692307 0.028846153846153848 0.08774038461538461
4 0.11177884615384616 0.38100961538461536 0.021634615384615384 0.055288461538461536
3 0.11177884615384616 0.38341346153846156 0.018028846153846152 0.055288461538461536
1 0.23677884615384615 0.5600961538461539 0.09014423076923077 0.09975961538461539
1 0.33533653846153844 0.5492788461538461 0.078125 0.08774038461538461
1 0.43509615384615385 0.5625 0.109375 0.1346153846153846
3 0.5540865384615384 0.3485576923076923 0.027644230769230768 0.078125
0 0.6394230769230769 0.5913461538461539 0.08052884615384616 0.34615384615384615
2 0.7307692307692307 0.5336538461538461 0.025240384615384616 0.11538461538461539
2 0.7548076923076923 0.5456730769230769 0.03365384615384615 0.14903846153846154
2 0.8425480769230769 0.5336538461538461 0.052884615384615384 0.23677884615384615
2 0.8449519230769231 0.5288461538461539 0.052884615384615384 0.20552884615384615
2 0.9050480769230769 0.5192307692307693 0.052884615384615384 0.22235576923076922
2 0.9038461538461539 0.5240384615384616 0.04927884615384615 0.2403846153846154
2 0.9038461538461539 0.5384615384615384 0.037259615384615384 0.16826923076923078