1 0.03245192307692308 0.578125 0.06490384615384616 0.09375
1 0.028846153846153848 0.5793269230769231 0.052884615384615384 0.07211538461538461
1 0.06490384615384616 0.5757211538461539 0.05889423076923077 0.08774038461538461
1 0.09735576923076923 0.5432692307692307 0.06850961538461539 0.05048076923076923
1 0.10096153846153846 0.5480769230769231 0.056490384615384616 0.04447115384615385
1 0.3485576923076923 0.5432692307692307 0.040865384615384616 0.05048076923076923
1 0.3918269230769231 0.5564903846153846 0.06971153846153846 0.09375
6 0.4338942307692308 0.4338942307692308 0.015625 0.037259615384615384
6 0.4338942307692308 0.43028846153846156 0.009615384615384616 0.03125
1 0.6358173076923077 0.5084134615384616 0.07211538461538461 0.052884615384615384
1 0.6334134615384616 0.5168269230769231 0.06490384615384616 0.037259615384615384