10 0.08533653846153846 0.4735576923076923 0.16947115384615385 0.36778846153846156
1 0.1622596153846154 0.5492788461538461 0.04326923076923077 0.06850961538461539
1 0.16346153846153846 0.5528846153846154 0.038461538461538464 0.05889423076923077
1 0.28966346153846156 0.5444711538461539 0.04326923076923077 0.05048076923076923
1 0.32572115384615385 0.5204326923076923 0.038461538461538464 0.028846153846153848
1 0.47596153846153844 0.609375 0.2932692307692308 0.33653846153846156
1 0.35697115384615385 0.5192307692307693 0.04447115384615385 0.05048076923076923
1 0.37740384615384615 0.5252403846153846 0.015625 0.03365384615384615
6 0.44711538461538464 0.42788461538461536 0.01201923076923077 0.03485576923076923
1 0.6274038461538461 0.48677884615384615 0.04326923076923077 0.040865384615384616
2 0.7211538461538461 0.5084134615384616 0.02403846153846154 0.09735576923076923
2 0.7235576923076923 0.5108173076923077 0.02403846153846154 0.10096153846153846