1 0.31009615384615385 0.5048076923076923 0.06610576923076923 0.06971153846153846
1 0.31490384615384615 0.5012019230769231 0.07211538461538461 0.06850961538461539
1 0.3629807692307692 0.4891826923076923 0.046875 0.0625
1 0.36538461538461536 0.49158653846153844 0.040865384615384616 0.04927884615384615
1 0.49759615384615385 0.5108173076923077 0.10336538461538461 0.11899038461538461
4 0.5216346153846154 0.40865384615384615 0.02403846153846154 0.046875
4 0.5673076923076923 0.44591346153846156 0.009615384615384616 0.028846153846153848
4 0.5757211538461539 0.44711538461538464 0.009615384615384616 0.028846153846153848
1 0.640625 0.5132211538461539 0.08774038461538461 0.11538461538461539
1 0.8930288461538461 0.6814903846153846 0.21153846153846154 0.484375
1 0.8473557692307693 0.5168269230769231 0.09615384615384616 0.09014423076923077