1 0.16346153846153846 0.5300480769230769 0.027644230769230768 0.03125
1 0.19591346153846154 0.5288461538461539 0.019230769230769232 0.027644230769230768
1 0.22956730769230768 0.5228365384615384 0.02403846153846154 0.037259615384615384
3 0.22596153846153846 0.4266826923076923 0.009615384615384616 0.027644230769230768
1 0.11778846153846154 0.5324519230769231 0.06009615384615385 0.04326923076923077
1 0.2692307692307692 0.5204326923076923 0.03485576923076923 0.04447115384615385
6 0.25841346153846156 0.4230769230769231 0.01201923076923077 0.03125
6 0.25961538461538464 0.4230769230769231 0.01201923076923077 0.028846153846153848
6 0.28966346153846156 0.42788461538461536 0.01201923076923077 0.025240384615384616
6 0.28966346153846156 0.42908653846153844 0.009615384615384616 0.03125
6 0.34134615384615385 0.46274038461538464 0.013221153846153846 0.03125
1 0.36778846153846156 0.5252403846153846 0.05889423076923077 0.06971153846153846
6 0.3918269230769231 0.45072115384615385 0.013221153846153846 0.03125