1 0.109375 0.5120192307692307 0.07572115384615384 0.07451923076923077
1 0.15144230769230768 0.515625 0.027644230769230768 0.05048076923076923
1 0.24158653846153846 0.5012019230769231 0.038461538461538464 0.07211538461538461
1 0.2980769230769231 0.5336538461538461 0.1310096153846154 0.13822115384615385
3 0.24278846153846154 0.31490384615384615 0.018028846153846152 0.04927884615384615
4 0.3389423076923077 0.29927884615384615 0.019230769230769232 0.04927884615384615
4 0.3389423076923077 0.3004807692307692 0.019230769230769232 0.04927884615384615
4 0.41466346153846156 0.30408653846153844 0.01201923076923077 0.056490384615384616
1 0.4567307692307692 0.49278846153846156 0.028846153846153848 0.038461538461538464
1 0.4987980769230769 0.4987980769230769 0.06009615384615385 0.078125
4 0.6105769230769231 0.39783653846153844 0.019230769230769232 0.040865384615384616
4 0.6694711538461539 0.33533653846153844 0.028846153846153848 0.07451923076923077
1 0.6923076923076923 0.5 0.04447115384615385 0.052884615384615384
1 0.7307692307692307 0.49759615384615385 0.08774038461538461 0.056490384615384616
1 0.8064903846153846 0.49158653846153844 0.10336538461538461 0.08052884615384616
1 0.8822115384615384 0.4831730769230769 0.08413461538461539 0.08413461538461539