1 0.1622596153846154 0.5252403846153846 0.06850961538461539 0.08653846153846154
7 0.20793269230769232 0.39302884615384615 0.02403846153846154 0.04927884615384615
7 0.21153846153846154 0.40024038461538464 0.018028846153846152 0.06009615384615385
4 0.22596153846153846 0.3317307692307692 0.025240384615384616 0.06490384615384616
4 0.2247596153846154 0.34615384615384615 0.019230769230769232 0.037259615384615384
1 0.265625 0.5372596153846154 0.09014423076923077 0.09615384615384616
1 0.34134615384615385 0.5264423076923077 0.04326923076923077 0.05048076923076923
1 0.40024038461538464 0.5216346153846154 0.03485576923076923 0.05048076923076923
4 0.40865384615384615 0.30528846153846156 0.021634615384615384 0.04927884615384615
4 0.4098557692307692 0.29447115384615385 0.02403846153846154 0.06490384615384616
4 0.546875 0.40625 0.013221153846153846 0.04326923076923077
4 0.5504807692307693 0.40384615384615385 0.018028846153846152 0.04326923076923077
6 0.6742788461538461 0.4326923076923077 0.025240384615384616 0.038461538461538464
1 0.8509615384615384 0.5240384615384616 0.19471153846153846 0.125