1 0.9038461538461539 0.7271634615384616 0.1875 0.47475961538461536
1 0.14783653846153846 0.5637019230769231 0.09375 0.11298076923076923
2 0.12139423076923077 0.5336538461538461 0.019230769230769232 0.04326923076923077
1 0.2091346153846154 0.5504807692307693 0.04326923076923077 0.08653846153846154
1 0.2403846153846154 0.5444711538461539 0.028846153846153848 0.06490384615384616
1 0.33774038461538464 0.5264423076923077 0.018028846153846152 0.03365384615384615
1 0.390625 0.5348557692307693 0.09615384615384616 0.1466346153846154
1 0.4495192307692308 0.5192307692307693 0.021634615384615384 0.04927884615384615
1 0.5372596153846154 0.5360576923076923 0.08413461538461539 0.09975961538461539
1 0.7776442307692307 0.6165865384615384 0.3245192307692308 0.30288461538461536
1 0.71875 0.6201923076923077 0.19951923076923078 0.28725961538461536
2 0.6634615384615384 0.5048076923076923 0.03365384615384615 0.08052884615384616
2 0.6622596153846154 0.5048076923076923 0.028846153846153848 0.06971153846153846
2 0.7139423076923077 0.4639423076923077 0.015625 0.028846153846153848