1 0.375 0.4855769230769231 0.028846153846153848 0.037259615384615384
8 0.4411057692307692 0.390625 0.019230769230769232 0.03125
1 0.49278846153846156 0.4963942307692308 0.052884615384615384 0.06610576923076923
1 0.5612980769230769 0.4855769230769231 0.0625 0.07211538461538461
1 0.5649038461538461 0.48677884615384615 0.06009615384615385 0.078125
1 0.6682692307692307 0.46634615384615385 0.06009615384615385 0.055288461538461536
1 0.671875 0.46875 0.055288461538461536 0.06490384615384616
1 0.7391826923076923 0.4831730769230769 0.0625 0.05048076923076923
1 0.7620192307692307 0.4735576923076923 0.09975961538461539 0.055288461538461536
1 0.8161057692307693 0.47836538461538464 0.09615384615384616 0.056490384615384616
1 0.7992788461538461 0.484375 0.04447115384615385 0.028846153846153848
1 0.8569711538461539 0.4723557692307692 0.10336538461538461 0.0625
1 0.8389423076923077 0.48677884615384615 0.040865384615384616 0.05048076923076923