1 0.10336538461538461 0.6201923076923077 0.20673076923076922 0.40384615384615385
1 0.29447115384615385 0.49759615384615385 0.09014423076923077 0.11298076923076923
1 0.36899038461538464 0.5072115384615384 0.08774038461538461 0.09134615384615384
7 0.37259615384615385 0.37259615384615385 0.018028846153846152 0.055288461538461536
1 0.43509615384615385 0.5024038461538461 0.04447115384615385 0.0625
4 0.43990384615384615 0.37740384615384615 0.013221153846153846 0.046875
1 0.484375 0.49278846153846156 0.03485576923076923 0.055288461538461536
4 0.47836538461538464 0.38341346153846156 0.015625 0.038461538461538464
10 0.5264423076923077 0.47716346153846156 0.028846153846153848 0.04927884615384615
4 0.5649038461538461 0.4362980769230769 0.015625 0.037259615384615384
1 0.5769230769230769 0.49759615384615385 0.040865384615384616 0.06490384615384616
4 0.5961538461538461 0.41586538461538464 0.015625 0.03485576923076923
4 0.6033653846153846 0.41586538461538464 0.021634615384615384 0.052884615384615384
1 0.6490384615384616 0.5132211538461539 0.09615384615384616 0.09975961538461539
1 0.6514423076923077 0.5144230769230769 0.09014423076923077 0.09375