1 0.014423076923076924 0.37740384615384615 0.028846153846153848 0.07211538461538461
1 0.016826923076923076 0.37740384615384615 0.028846153846153848 0.08052884615384616
1 0.06490384615384616 0.38341346153846156 0.056490384615384616 0.07211538461538461
1 0.17307692307692307 0.38822115384615385 0.06009615384615385 0.07211538461538461
1 0.23197115384615385 0.38461538461538464 0.052884615384615384 0.06610576923076923
1 0.28846153846153844 0.3954326923076923 0.06610576923076923 0.06610576923076923
1 0.34615384615384615 0.43990384615384615 0.1622596153846154 0.171875
1 0.45072115384615385 0.4026442307692308 0.06610576923076923 0.0625
1 0.45552884615384615 0.40024038461538464 0.05889423076923077 0.06850961538461539
1 0.4855769230769231 0.3918269230769231 0.03485576923076923 0.055288461538461536
1 0.5048076923076923 0.38221153846153844 0.027644230769230768 0.04326923076923077
1 0.6778846153846154 0.39302884615384615 0.07211538461538461 0.05048076923076923
1 0.6802884615384616 0.39302884615384615 0.06610576923076923 0.04927884615384615