1 0.10216346153846154 0.5829326923076923 0.20432692307692307 0.2764423076923077
4 0.2848557692307692 0.2127403846153846 0.02403846153846154 0.06971153846153846
1 0.40024038461538464 0.5384615384615384 0.06490384615384616 0.08774038461538461
4 0.41346153846153844 0.234375 0.021634615384615384 0.078125
1 0.43149038461538464 0.53125 0.03485576923076923 0.06009615384615385
1 0.4362980769230769 0.5336538461538461 0.025240384615384616 0.055288461538461536
1 0.4543269230769231 0.5288461538461539 0.028846153846153848 0.040865384615384616
1 0.45552884615384615 0.5300480769230769 0.021634615384615384 0.037259615384615384
0 0.4987980769230769 0.5420673076923077 0.03485576923076923 0.11298076923076923
4 0.5528846153846154 0.375 0.021634615384615384 0.07451923076923077
0 0.59375 0.5324519230769231 0.027644230769230768 0.09615384615384616
2 0.5925480769230769 0.5096153846153846 0.021634615384615384 0.06490384615384616