1 0.07211538461538461 0.4879807692307692 0.10697115384615384 0.08173076923076923
1 0.16346153846153846 0.47836538461538464 0.09975961538461539 0.08052884615384616
6 0.17067307692307693 0.390625 0.015625 0.04447115384615385
1 0.28365384615384615 0.4807692307692308 0.06490384615384616 0.078125
6 0.27884615384615385 0.30408653846153844 0.013221153846153846 0.04326923076923077
1 0.3401442307692308 0.47475961538461536 0.028846153846153848 0.055288461538461536
4 0.3762019230769231 0.36177884615384615 0.015625 0.037259615384615384
4 0.44350961538461536 0.3581730769230769 0.01201923076923077 0.037259615384615384
4 0.5564903846153846 0.41947115384615385 0.013221153846153846 0.038461538461538464
4 0.6069711538461539 0.3798076923076923 0.021634615384615384 0.056490384615384616
1 0.734375 0.48197115384615385 0.09735576923076923 0.056490384615384616