2 0.05048076923076923 0.5540865384615384 0.03485576923076923 0.1346153846153846
1 0.07211538461538461 0.5480769230769231 0.03365384615384615 0.12259615384615384
2 0.07211538461538461 0.5540865384615384 0.018028846153846152 0.1346153846153846
2 0.15985576923076922 0.5264423076923077 0.021634615384615384 0.08052884615384616
2 0.1622596153846154 0.5264423076923077 0.025240384615384616 0.08413461538461539
2 0.23197115384615385 0.5228365384615384 0.018028846153846152 0.06610576923076923
2 0.2512019230769231 0.5264423076923077 0.013221153846153846 0.06490384615384616
0 0.2800480769230769 0.5216346153846154 0.019230769230769232 0.056490384615384616
2 0.29086538461538464 0.5264423076923077 0.03125 0.12139423076923077
1 0.3485576923076923 0.5192307692307693 0.04447115384615385 0.05048076923076923
1 0.40865384615384615 0.5192307692307693 0.08052884615384616 0.0625
1 0.40865384615384615 0.5192307692307693 0.07451923076923077 0.06009615384615385
2 0.4831730769230769 0.5985576923076923 0.109375 0.38100961538461536
2 0.5012019230769231 0.5853365384615384 0.06850961538461539 0.34975961538461536
2 0.49759615384615385 0.578125 0.052884615384615384 0.328125
2 0.5588942307692307 0.5709134615384616 0.09735576923076923 0.39663461538461536
1 0.7403846153846154 0.5540865384615384 0.359375 0.20072115384615385
2 0.6478365384615384 0.5853365384615384 0.078125 0.33774038461538464