1 0.9146634615384616 0.5576923076923077 0.1658653846153846 0.11538461538461539
1 0.5444711538461539 0.5180288461538461 0.028846153846153848 0.040865384615384616
1 0.21033653846153846 0.5384615384615384 0.056490384615384616 0.04927884615384615
1 0.21394230769230768 0.5360576923076923 0.052884615384615384 0.04447115384615385
1 0.25721153846153844 0.5324519230769231 0.037259615384615384 0.03125
1 0.4170673076923077 0.5192307692307693 0.025240384615384616 0.03485576923076923
1 0.43509615384615385 0.5252403846153846 0.021634615384615384 0.03125
1 0.47115384615384615 0.5240384615384616 0.025240384615384616 0.038461538461538464
1 0.6045673076923077 0.5384615384615384 0.06490384615384616 0.07572115384615384
1 0.7439903846153846 0.5997596153846154 0.26322115384615385 0.25240384615384615
1 0.8461538461538461 0.4951923076923077 0.04447115384615385 0.046875