4 0.28846153846153844 0.453125 0.019230769230769232 0.038461538461538464
1 0.36658653846153844 0.49759615384615385 0.03125 0.046875
1 0.36899038461538464 0.49759615384615385 0.028846153846153848 0.037259615384615384
10 0.39903846153846156 0.4831730769230769 0.05889423076923077 0.07451923076923077
10 0.4014423076923077 0.4795673076923077 0.04447115384615385 0.08173076923076923
1 0.44591346153846156 0.5024038461538461 0.04927884615384615 0.056490384615384616
4 0.44591346153846156 0.39302884615384615 0.018028846153846152 0.037259615384615384
1 0.49158653846153844 0.49278846153846156 0.03365384615384615 0.038461538461538464
4 0.5144230769230769 0.39663461538461536 0.02403846153846154 0.037259615384615384
4 0.5168269230769231 0.40024038461538464 0.01201923076923077 0.03125
1 0.5612980769230769 0.5024038461538461 0.05048076923076923 0.05048076923076923
4 0.5673076923076923 0.44471153846153844 0.018028846153846152 0.03485576923076923
4 0.5661057692307693 0.44591346153846156 0.015625 0.028846153846153848
4 0.6081730769230769 0.43149038461538464 0.018028846153846152 0.027644230769230768
4 0.609375 0.4338942307692308 0.009615384615384616 0.037259615384615384
1 0.7307692307692307 0.5528846153846154 0.19471153846153846 0.23798076923076922