1 0.036057692307692304 0.5144230769230769 0.07211538461538461 0.14423076923076922
1 0.8737980769230769 0.6165865384615384 0.24759615384615385 0.35697115384615385
1 0.609375 0.4879807692307692 0.040865384615384616 0.046875
1 0.13701923076923078 0.5072115384615384 0.11298076923076923 0.11778846153846154
1 0.13942307692307693 0.5036057692307693 0.11538461538461539 0.08774038461538461
1 0.27884615384615385 0.5024038461538461 0.028846153846153848 0.038461538461538464
1 0.3161057692307692 0.4951923076923077 0.037259615384615384 0.05048076923076923
1 0.31971153846153844 0.49278846153846156 0.04447115384615385 0.04326923076923077
3 0.3329326923076923 0.33774038461538464 0.015625 0.04326923076923077
1 0.36177884615384615 0.49158653846153844 0.03125 0.037259615384615384
4 0.40024038461538464 0.3425480769230769 0.018028846153846152 0.04447115384615385
4 0.4026442307692308 0.33774038461538464 0.018028846153846152 0.037259615384615384
4 0.45552884615384615 0.3389423076923077 0.015625 0.04326923076923077
4 0.4579326923076923 0.35096153846153844 0.019230769230769232 0.038461538461538464
4 0.5745192307692307 0.41947115384615385 0.015625 0.03125
4 0.5793269230769231 0.41346153846153844 0.019230769230769232 0.04447115384615385
4 0.7487980769230769 0.3545673076923077 0.027644230769230768 0.078125
4 0.7487980769230769 0.37259615384615385 0.019230769230769232 0.04326923076923077