2 0.8185096153846154 0.48197115384615385 0.025240384615384616 0.10336538461538461
1 0.020432692307692308 0.5612980769230769 0.040865384615384616 0.11177884615384616
2 0.15985576923076922 0.5480769230769231 0.018028846153846152 0.08653846153846154
6 0.16947115384615385 0.41225961538461536 0.015625 0.040865384615384616
1 0.29447115384615385 0.6225961538461539 0.23677884615384615 0.27403846153846156
2 0.22235576923076922 0.5 0.04447115384615385 0.14423076923076922
2 0.2800480769230769 0.47115384615384615 0.038461538461538464 0.06850961538461539
1 0.4110576923076923 0.5492788461538461 0.05889423076923077 0.09615384615384616
6 0.4963942307692308 0.38341346153846156 0.018028846153846152 0.056490384615384616
2 0.6153846153846154 0.5288461538461539 0.02403846153846154 0.09134615384615384
2 0.6165865384615384 0.53125 0.018028846153846152 0.08774038461538461
2 0.6995192307692307 0.5432692307692307 0.05048076923076923 0.1971153846153846