2 0.5877403846153846 0.5084134615384616 0.019230769230769232 0.05889423076923077
2 0.19110576923076922 0.5492788461538461 0.05889423076923077 0.20072115384615385
0 0.037259615384615384 0.5540865384615384 0.06610576923076923 0.08052884615384616
2 0.08052884615384616 0.5444711538461539 0.015625 0.07451923076923077
0 0.11177884615384616 0.5444711538461539 0.05889423076923077 0.08653846153846154
1 0.12259615384615384 0.5384615384615384 0.07211538461538461 0.07572115384615384
1 0.33052884615384615 0.6526442307692307 0.3317307692307692 0.4182692307692308
1 0.17548076923076922 0.5432692307692307 0.02403846153846154 0.055288461538461536
7 0.2800480769230769 0.2764423076923077 0.019230769230769232 0.0625
6 0.3894230769230769 0.2860576923076923 0.019230769230769232 0.07211538461538461
0 0.5 0.5288461538461539 0.03365384615384615 0.07451923076923077
2 0.5408653846153846 0.5240384615384616 0.019230769230769232 0.0625
6 0.5637019230769231 0.40865384615384615 0.021634615384615384 0.0625
0 0.6598557692307693 0.5288461538461539 0.025240384615384616 0.09014423076923077
1 0.7680288461538461 0.5336538461538461 0.15865384615384615 0.09375
0 0.7319711538461539 0.5084134615384616 0.04326923076923077 0.055288461538461536
1 0.9723557692307693 0.5192307692307693 0.052884615384615384 0.08173076923076923