1 0.46634615384615385 0.5144230769230769 0.07451923076923077 0.05048076923076923
1 0.12740384615384615 0.5252403846153846 0.1310096153846154 0.06971153846153846
1 0.12860576923076922 0.5288461538461539 0.12259615384615384 0.06490384615384616
1 0.20552884615384615 0.5348557692307693 0.03485576923076923 0.056490384615384616
1 0.2764423076923077 0.5264423076923077 0.11899038461538461 0.078125
1 0.2776442307692308 0.5288461538461539 0.11899038461538461 0.06610576923076923
1 0.35096153846153844 0.5228365384615384 0.06490384615384616 0.05889423076923077
1 0.35697115384615385 0.5288461538461539 0.04927884615384615 0.05048076923076923
1 0.38822115384615385 0.5240384615384616 0.02403846153846154 0.040865384615384616
1 0.5504807692307693 0.5024038461538461 0.10697115384615384 0.06490384615384616
1 0.7163461538461539 0.5456730769230769 0.15985576923076922 0.15625
1 0.8088942307692307 0.5012019230769231 0.07451923076923077 0.0625
1 0.8100961538461539 0.5012019230769231 0.06971153846153846 0.04927884615384615
1 0.9146634615384616 0.5901442307692307 0.16826923076923078 0.31490384615384615