1 0.28966346153846156 0.5024038461538461 0.05889423076923077 0.03125
1 0.29447115384615385 0.5060096153846154 0.05889423076923077 0.038461538461538464
1 0.40865384615384615 0.5024038461538461 0.06490384615384616 0.08052884615384616
1 0.4495192307692308 0.5012019230769231 0.025240384615384616 0.05889423076923077
1 0.44471153846153844 0.5012019230769231 0.01201923076923077 0.06850961538461539
1 0.4567307692307692 0.4987980769230769 0.015625 0.05889423076923077
4 0.46274038461538464 0.42427884615384615 0.013221153846153846 0.03485576923076923
5 0.46274038461538464 0.4230769230769231 0.01201923076923077 0.028846153846153848
4 0.5024038461538461 0.4182692307692308 0.015625 0.038461538461538464
4 0.5024038461538461 0.40625 0.009615384615384616 0.03125
3 0.6213942307692307 0.43028846153846156 0.015625 0.037259615384615384
4 0.6213942307692307 0.43149038461538464 0.015625 0.037259615384615384