1 0.9435096153846154 0.5396634615384616 0.109375 0.14302884615384615
1 0.9699519230769231 0.6538461538461539 0.05889423076923077 0.25961538461538464
1 0.0673076923076923 0.5252403846153846 0.04927884615384615 0.0625
1 0.11778846153846154 0.5276442307692307 0.05048076923076923 0.06850961538461539
1 0.17427884615384615 0.5204326923076923 0.055288461538461536 0.05048076923076923
0 0.32091346153846156 0.5180288461538461 0.028846153846153848 0.07451923076923077
1 0.5841346153846154 0.4987980769230769 0.040865384615384616 0.04927884615384615
1 0.5853365384615384 0.5012019230769231 0.038461538461538464 0.05048076923076923
1 0.6394230769230769 0.5024038461538461 0.04927884615384615 0.07451923076923077
1 0.8149038461538461 0.5492788461538461 0.1778846153846154 0.16826923076923078
1 0.8197115384615384 0.5540865384615384 0.14302884615384615 0.16346153846153846