1 0.016826923076923076 0.6057692307692307 0.03365384615384615 0.13701923076923078
1 0.07932692307692307 0.5877403846153846 0.09735576923076923 0.15264423076923078
1 0.28725961538461536 0.6081730769230769 0.296875 0.43028846153846156
1 0.44591346153846156 0.5661057692307693 0.03485576923076923 0.1310096153846154
1 0.4735576923076923 0.5192307692307693 0.040865384615384616 0.05889423076923077
1 0.47115384615384615 0.5192307692307693 0.03125 0.06971153846153846
4 0.5132211538461539 0.44711538461538464 0.01201923076923077 0.03485576923076923
1 0.5444711538461539 0.5588942307692307 0.03125 0.140625
1 0.6418269230769231 0.5612980769230769 0.17427884615384615 0.1935096153846154
2 0.9519230769230769 0.5060096153846154 0.07572115384615384 0.24759615384615385
2 0.9555288461538461 0.5072115384615384 0.06850961538461539 0.24759615384615385