10 0.18028846153846154 0.5192307692307693 0.09375 0.10697115384615384
1 0.20432692307692307 0.5444711538461539 0.09134615384615384 0.06610576923076923
1 0.20432692307692307 0.546875 0.09134615384615384 0.05048076923076923
2 0.23677884615384615 0.5348557692307693 0.01201923076923077 0.07451923076923077
1 0.2848557692307692 0.5480769230769231 0.08413461538461539 0.09975961538461539
1 0.33533653846153844 0.5288461538461539 0.02403846153846154 0.03125
1 0.33653846153846156 0.53125 0.021634615384615384 0.028846153846153848
7 0.3713942307692308 0.3317307692307692 0.015625 0.04447115384615385
1 0.40384615384615385 0.5492788461538461 0.07572115384615384 0.09975961538461539
6 0.4567307692307692 0.35697115384615385 0.015625 0.04927884615384615
6 0.45552884615384615 0.3557692307692308 0.01201923076923077 0.04326923076923077
10 0.5492788461538461 0.49278846153846156 0.1935096153846154 0.09735576923076923
2 0.4879807692307692 0.5252403846153846 0.015625 0.09615384615384616
2 0.49759615384615385 0.5264423076923077 0.025240384615384616 0.09735576923076923
2 0.5024038461538461 0.53125 0.019230769230769232 0.08653846153846154
1 0.5661057692307693 0.5288461538461539 0.11298076923076923 0.15384615384615385
1 0.5444711538461539 0.5360576923076923 0.05889423076923077 0.14903846153846154
1 0.6430288461538461 0.5661057692307693 0.1622596153846154 0.1875
6 0.5733173076923077 0.4254807692307692 0.01201923076923077 0.025240384615384616
6 0.5757211538461539 0.42427884615384615 0.01201923076923077 0.02403846153846154
6 0.7319711538461539 0.33413461538461536 0.018028846153846152 0.05889423076923077
6 0.7331730769230769 0.3401442307692308 0.019230769230769232 0.056490384615384616
2 0.8365384615384616 0.5084134615384616 0.03485576923076923 0.11177884615384616
2 0.8353365384615384 0.5132211538461539 0.03125 0.11778846153846154
0 0.9182692307692307 0.4891826923076923 0.03125 0.04927884615384615