1 0.010817307692307692 0.5625 0.021634615384615384 0.07451923076923077
1 0.056490384615384616 0.5480769230769231 0.040865384615384616 0.06009615384615385
1 0.08774038461538461 0.5492788461538461 0.04326923076923077 0.06490384615384616
1 0.14302884615384615 0.5432692307692307 0.04927884615384615 0.05889423076923077
1 0.21033653846153846 0.5372596153846154 0.037259615384615384 0.052884615384615384
1 0.21875 0.5396634615384616 0.04326923076923077 0.046875
1 0.4014423076923077 0.5564903846153846 0.09615384615384616 0.12740384615384615
1 0.4651442307692308 0.5348557692307693 0.052884615384615384 0.06490384615384616
1 0.6766826923076923 0.5036057692307693 0.06850961538461539 0.0625
1 0.7572115384615384 0.5 0.11298076923076923 0.06971153846153846
1 0.8930288461538461 0.5084134615384616 0.20072115384615385 0.06610576923076923