1 0.07692307692307693 0.515625 0.05889423076923077 0.04326923076923077
1 0.08653846153846154 0.515625 0.05048076923076923 0.04326923076923077
1 0.12740384615384615 0.5180288461538461 0.04927884615384615 0.040865384615384616
1 0.13341346153846154 0.5192307692307693 0.056490384615384616 0.05889423076923077
1 0.23557692307692307 0.5084134615384616 0.040865384615384616 0.040865384615384616
1 0.35697115384615385 0.49759615384615385 0.04326923076923077 0.06490384615384616
1 0.546875 0.5012019230769231 0.027644230769230768 0.052884615384615384
1 0.5769230769230769 0.5024038461538461 0.052884615384615384 0.06490384615384616
1 0.6177884615384616 0.5108173076923077 0.056490384615384616 0.14302884615384615
1 0.6730769230769231 0.5192307692307693 0.08052884615384616 0.16826923076923078
1 0.7007211538461539 0.5228365384615384 0.1310096153846154 0.1658653846153846
1 0.8076923076923077 0.5625 0.2283653846153846 0.19110576923076922