3 0.08173076923076923 0.078125 0.16346153846153846 0.15625
1 0.0829326923076923 0.5180288461538461 0.055288461538461536 0.04447115384615385
1 0.0889423076923077 0.5336538461538461 0.037259615384615384 0.05048076923076923
1 0.09375 0.4987980769230769 0.040865384615384616 0.03125
1 0.17427884615384615 0.5024038461538461 0.10096153846153846 0.0625
1 0.29927884615384615 0.5264423076923077 0.09615384615384616 0.08413461538461539
1 0.3942307692307692 0.5036057692307693 0.07211538461538461 0.07451923076923077
1 0.44350961538461536 0.5012019230769231 0.027644230769230768 0.03485576923076923
1 0.4495192307692308 0.49278846153846156 0.03485576923076923 0.038461538461538464
1 0.47596153846153844 0.49399038461538464 0.03365384615384615 0.040865384615384616
1 0.5600961538461539 0.49158653846153844 0.025240384615384616 0.040865384615384616
1 0.5600961538461539 0.4951923076923077 0.019230769230769232 0.04326923076923077
3 0.5685096153846154 0.3605769230769231 0.02403846153846154 0.0625
1 0.5829326923076923 0.4987980769230769 0.038461538461538464 0.05048076923076923
1 0.5841346153846154 0.49158653846153844 0.03125 0.03485576923076923
1 0.6310096153846154 0.49759615384615385 0.05048076923076923 0.06610576923076923
1 0.6286057692307693 0.48677884615384615 0.040865384615384616 0.04927884615384615
1 0.6790865384615384 0.5048076923076923 0.08052884615384616 0.10336538461538461
3 0.6526442307692307 0.35697115384615385 0.015625 0.04326923076923077
4 0.7259615384615384 0.41586538461538464 0.018028846153846152 0.04927884615384615
2 0.7620192307692307 0.49278846153846156 0.02403846153846154 0.06490384615384616
6 0.8004807692307693 0.07692307692307693 0.05048076923076923 0.11778846153846154
3 0.7992788461538461 0.07572115384615384 0.027644230769230768 0.09375
1 0.8569711538461539 0.5096153846153846 0.07451923076923077 0.11298076923076923
2 0.9206730769230769 0.48197115384615385 0.02403846153846154 0.078125
2 0.9242788461538461 0.4831730769230769 0.025240384615384616 0.09615384615384616