1 0.06971153846153846 0.5360576923076923 0.13701923076923078 0.34375
1 0.28725961538461536 0.4963942307692308 0.07572115384615384 0.09615384615384616
1 0.4014423076923077 0.49759615384615385 0.05048076923076923 0.06971153846153846
3 0.38461538461538464 0.4519230769230769 0.013221153846153846 0.03125
4 0.38822115384615385 0.4483173076923077 0.015625 0.027644230769230768
1 0.4963942307692308 0.5168269230769231 0.12740384615384615 0.18028846153846154
3 0.48677884615384615 0.40625 0.019230769230769232 0.03125
4 0.4879807692307692 0.4074519230769231 0.01201923076923077 0.03125
3 0.5336538461538461 0.453125 0.01201923076923077 0.028846153846153848
4 0.5396634615384616 0.4423076923076923 0.01201923076923077 0.028846153846153848
3 0.5396634615384616 0.44591346153846156 0.009615384615384616 0.025240384615384616
1 0.5673076923076923 0.5072115384615384 0.056490384615384616 0.09375
1 0.6322115384615384 0.5180288461538461 0.10576923076923077 0.10697115384615384