1 0.014423076923076924 0.4723557692307692 0.028846153846153848 0.06009615384615385
1 0.039663461538461536 0.4855769230769231 0.037259615384615384 0.04326923076923077
1 0.04326923076923077 0.47836538461538464 0.037259615384615384 0.037259615384615384
1 0.08052884615384616 0.484375 0.0625 0.05889423076923077
1 0.08653846153846154 0.48197115384615385 0.06009615384615385 0.046875
1 0.12259615384615384 0.47596153846153844 0.019230769230769232 0.04927884615384615
1 0.15865384615384615 0.47836538461538464 0.06490384615384616 0.07451923076923077
1 0.16346153846153846 0.47115384615384615 0.06009615384615385 0.056490384615384616
1 0.22596153846153846 0.47596153846153844 0.052884615384615384 0.05889423076923077
1 0.22355769230769232 0.47596153846153844 0.04447115384615385 0.06009615384615385
7 0.4074519230769231 0.3004807692307692 0.019230769230769232 0.04447115384615385
7 0.4074519230769231 0.30528846153846156 0.019230769230769232 0.04927884615384615
1 0.5024038461538461 0.5168269230769231 0.10697115384615384 0.13701923076923078
6 0.5048076923076923 0.30528846153846156 0.025240384615384616 0.05889423076923077
6 0.5048076923076923 0.30649038461538464 0.015625 0.05048076923076923
6 0.6117788461538461 0.32091346153846156 0.019230769230769232 0.055288461538461536
6 0.6117788461538461 0.3269230769230769 0.019230769230769232 0.056490384615384616
1 0.7139423076923077 0.4987980769230769 0.1778846153846154 0.17548076923076922
6 0.6995192307692307 0.39302884615384615 0.021634615384615384 0.04447115384615385
6 0.703125 0.39302884615384615 0.018028846153846152 0.05048076923076923
6 0.8762019230769231 0.3088942307692308 0.019230769230769232 0.11177884615384616
6 0.8786057692307693 0.2932692307692308 0.019230769230769232 0.06610576923076923