1 0.051682692307692304 0.5384615384615384 0.07211538461538461 0.0625
1 0.18629807692307693 0.5300480769230769 0.04447115384615385 0.05048076923076923
1 0.18629807692307693 0.5264423076923077 0.03365384615384615 0.037259615384615384
1 0.28846153846153844 0.5132211538461539 0.03125 0.04326923076923077
1 0.2920673076923077 0.5144230769230769 0.03365384615384615 0.04326923076923077
1 0.4411057692307692 0.5072115384615384 0.04447115384615385 0.04326923076923077
4 0.43149038461538464 0.4170673076923077 0.019230769230769232 0.03365384615384615
4 0.46153846153846156 0.41947115384615385 0.015625 0.03125
1 0.5036057692307693 0.53125 0.09975961538461539 0.125
4 0.5492788461538461 0.453125 0.013221153846153846 0.03125
1 0.6766826923076923 0.5072115384615384 0.10576923076923077 0.06610576923076923