2 0.019230769230769232 0.5408653846153846 0.02403846153846154 0.08173076923076923
1 0.12740384615384615 0.5420673076923077 0.055288461538461536 0.06009615384615385
1 0.1622596153846154 0.5372596153846154 0.04447115384615385 0.06009615384615385
1 0.24879807692307693 0.5276442307692307 0.028846153846153848 0.03125
1 0.35697115384615385 0.578125 0.2283653846153846 0.31971153846153844
1 0.46033653846153844 0.5444711538461539 0.046875 0.12259615384615384
2 0.48197115384615385 0.5228365384615384 0.025240384615384616 0.078125
2 0.48197115384615385 0.5276442307692307 0.019230769230769232 0.06850961538461539
1 0.5024038461538461 0.5252403846153846 0.04447115384615385 0.06009615384615385
1 0.5036057692307693 0.5240384615384616 0.037259615384615384 0.055288461538461536
1 0.6117788461538461 0.5048076923076923 0.05889423076923077 0.06490384615384616
1 0.7848557692307693 0.5600961538461539 0.24639423076923078 0.27884615384615385
1 0.8918269230769231 0.6334134615384616 0.21514423076923078 0.546875