7 0.20192307692307693 0.39302884615384615 0.02403846153846154 0.06610576923076923
7 0.20072115384615385 0.3894230769230769 0.015625 0.04326923076923077
0 0.30288461538461536 0.46875 0.019230769230769232 0.06490384615384616
1 0.34615384615384615 0.47115384615384615 0.05048076923076923 0.056490384615384616
1 0.38461538461538464 0.47836538461538464 0.037259615384615384 0.046875
1 0.38822115384615385 0.47836538461538464 0.025240384615384616 0.040865384615384616
1 0.42908653846153844 0.47596153846153844 0.04927884615384615 0.0625
6 0.47596153846153844 0.30288461538461536 0.013221153846153846 0.03125
6 0.47836538461538464 0.31009615384615385 0.015625 0.04326923076923077
6 0.5432692307692307 0.31009615384615385 0.015625 0.04927884615384615
6 0.5444711538461539 0.3076923076923077 0.015625 0.04326923076923077
6 0.6069711538461539 0.3161057692307692 0.015625 0.04326923076923077
6 0.6105769230769231 0.31971153846153844 0.015625 0.04447115384615385
1 0.6742788461538461 0.49158653846153844 0.12259615384615384 0.06971153846153846
6 0.734375 0.3942307692307692 0.018028846153846152 0.04326923076923077
6 0.734375 0.3954326923076923 0.015625 0.04447115384615385
1 0.8822115384615384 0.47115384615384615 0.05889423076923077 0.06610576923076923
1 0.8858173076923077 0.46274038461538464 0.040865384615384616 0.040865384615384616
6 0.9122596153846154 0.32572115384615385 0.027644230769230768 0.08173076923076923
6 0.9146634615384616 0.32091346153846156 0.021634615384615384 0.06610576923076923
1 0.9855769230769231 0.49038461538461536 0.025240384615384616 0.06610576923076923
1 0.9867788461538461 0.48197115384615385 0.025240384615384616 0.06490384615384616