2 0.028846153846153848 0.5829326923076923 0.03365384615384615 0.11298076923076923
2 0.9483173076923077 0.5360576923076923 0.0625 0.27163461538461536
1 0.17307692307692307 0.5769230769230769 0.11538461538461539 0.12139423076923077
0 0.27884615384615385 0.5637019230769231 0.025240384615384616 0.09975961538461539
1 0.3137019230769231 0.5649038461538461 0.08653846153846154 0.10096153846153846
1 0.44591346153846156 0.5709134615384616 0.08774038461538461 0.11899038461538461
3 0.5673076923076923 0.32091346153846156 0.025240384615384616 0.07572115384615384
0 0.6153846153846154 0.5769230769230769 0.05889423076923077 0.28725961538461536
2 0.6658653846153846 0.5336538461538461 0.021634615384615384 0.09615384615384616
2 0.6923076923076923 0.5288461538461539 0.021634615384615384 0.08173076923076923
2 0.7199519230769231 0.5408653846153846 0.02403846153846154 0.05889423076923077
2 0.7908653846153846 0.5516826923076923 0.03485576923076923 0.1466346153846154
2 0.8293269230769231 0.546875 0.028846153846153848 0.16346153846153846
2 0.8545673076923077 0.5600961538461539 0.046875 0.19951923076923078