1 0.8846153846153846 0.5889423076923077 0.2283653846153846 0.21153846153846154
1 0.08653846153846154 0.5384615384615384 0.08774038461538461 0.06850961538461539
1 0.16826923076923078 0.5288461538461539 0.0625 0.078125
1 0.17067307692307693 0.5252403846153846 0.0625 0.08173076923076923
1 0.2091346153846154 0.5228365384615384 0.02403846153846154 0.0625
1 0.23677884615384615 0.5180288461538461 0.03365384615384615 0.056490384615384616
1 0.28966346153846156 0.5084134615384616 0.02403846153846154 0.037259615384615384
1 0.36538461538461536 0.5012019230769231 0.02403846153846154 0.03485576923076923
1 0.3870192307692308 0.49399038461538464 0.02403846153846154 0.028846153846153848
1 0.4206730769230769 0.5024038461538461 0.019230769230769232 0.027644230769230768
1 0.4387019230769231 0.5084134615384616 0.028846153846153848 0.03365384615384615
1 0.7211538461538461 0.5492788461538461 0.10697115384615384 0.18990384615384615
1 0.7572115384615384 0.5600961538461539 0.15384615384615385 0.1502403846153846