10 0.04927884615384615 0.5564903846153846 0.09735576923076923 0.10697115384615384
1 0.054086538461538464 0.5600961538461539 0.10697115384615384 0.08774038461538461
10 0.11177884615384616 0.5504807692307693 0.06971153846153846 0.08653846153846154
3 0.0889423076923077 0.41346153846153844 0.02403846153846154 0.07451923076923077
1 0.1141826923076923 0.5480769230769231 0.07211538461538461 0.08653846153846154
1 0.17427884615384615 0.5721153846153846 0.06850961538461539 0.04927884615384615
10 0.1814903846153846 0.5456730769230769 0.0625 0.038461538461538464
1 0.2776442307692308 0.5817307692307693 0.08653846153846154 0.08774038461538461
1 0.32211538461538464 0.5721153846153846 0.03485576923076923 0.07211538461538461
1 0.47716346153846156 0.5757211538461539 0.019230769230769232 0.055288461538461536
1 0.49399038461538464 0.5733173076923077 0.028846153846153848 0.06610576923076923
1 0.5216346153846154 0.5805288461538461 0.06490384615384616 0.07572115384615384
3 0.6177884615384616 0.3870192307692308 0.027644230769230768 0.09014423076923077
6 0.8978365384615384 0.45072115384615385 0.03125 0.055288461538461536