2 0.014423076923076924 0.5600961538461539 0.025240384615384616 0.11298076923076923
2 0.06850961538461539 0.5697115384615384 0.03365384615384615 0.09615384615384616
2 0.07211538461538461 0.5757211538461539 0.027644230769230768 0.11177884615384616
4 0.08533653846153846 0.37259615384615385 0.021634615384615384 0.06009615384615385
3 0.08413461538461539 0.37740384615384615 0.018028846153846152 0.052884615384615384
1 0.21153846153846154 0.5673076923076923 0.09134615384615384 0.10576923076923077
1 0.3293269230769231 0.5540865384615384 0.078125 0.08653846153846154
1 0.44350961538461536 0.5637019230769231 0.09975961538461539 0.12259615384615384
3 0.5612980769230769 0.33533653846153844 0.025240384615384616 0.07572115384615384
0 0.6237980769230769 0.5805288461538461 0.06971153846153846 0.31009615384615385
2 0.7055288461538461 0.5408653846153846 0.02403846153846154 0.05889423076923077
2 0.7560096153846154 0.5432692307692307 0.037259615384615384 0.13221153846153846
2 0.7932692307692307 0.5492788461538461 0.04326923076923077 0.16947115384615385
2 0.8870192307692307 0.5348557692307693 0.05048076923076923 0.23076923076923078
2 0.8882211538461539 0.5264423076923077 0.052884615384615384 0.23677884615384615
2 0.9423076923076923 0.5216346153846154 0.05048076923076923 0.2403846153846154