1 0.2824519230769231 0.49278846153846156 0.09014423076923077 0.08774038461538461
1 0.3245192307692308 0.4735576923076923 0.06490384615384616 0.08052884615384616
10 0.33774038461538464 0.47596153846153844 0.04326923076923077 0.08173076923076923
1 0.4182692307692308 0.49278846153846156 0.03365384615384615 0.03485576923076923
4 0.4326923076923077 0.375 0.018028846153846152 0.05048076923076923
1 0.5132211538461539 0.49278846153846156 0.037259615384615384 0.03485576923076923
1 0.5132211538461539 0.4879807692307692 0.027644230769230768 0.04326923076923077
4 0.5240384615384616 0.38221153846153844 0.019230769230769232 0.04447115384615385
4 0.6153846153846154 0.4326923076923077 0.015625 0.038461538461538464
2 0.6430288461538461 0.4855769230769231 0.021634615384615384 0.06971153846153846
2 0.6430288461538461 0.4855769230769231 0.01201923076923077 0.06009615384615385
2 0.8509615384615384 0.47716346153846156 0.021634615384615384 0.0625
2 0.8509615384615384 0.47716346153846156 0.019230769230769232 0.055288461538461536