1 0.06610576923076923 0.5240384615384616 0.04326923076923077 0.04326923076923077
1 0.025240384615384616 0.5240384615384616 0.05048076923076923 0.06490384615384616
1 0.11177884615384616 0.5204326923076923 0.05048076923076923 0.06490384615384616
1 0.10817307692307693 0.5144230769230769 0.04326923076923077 0.05048076923076923
1 0.24879807692307693 0.5108173076923077 0.038461538461538464 0.04447115384615385
4 0.24639423076923078 0.2704326923076923 0.02403846153846154 0.0625
4 0.2439903846153846 0.27524038461538464 0.019230769230769232 0.052884615384615384
1 0.30408653846153844 0.5108173076923077 0.06610576923076923 0.08774038461538461
4 0.3605769230769231 0.265625 0.019230769230769232 0.0625
4 0.36177884615384615 0.26322115384615385 0.018028846153846152 0.04326923076923077
1 0.44711538461538464 0.48677884615384615 0.05048076923076923 0.038461538461538464
4 0.4483173076923077 0.27524038461538464 0.021634615384615384 0.06850961538461539
4 0.4519230769230769 0.2764423076923077 0.025240384615384616 0.06009615384615385
4 0.6418269230769231 0.37740384615384615 0.021634615384615384 0.06009615384615385
4 0.6394230769230769 0.3858173076923077 0.018028846153846152 0.04447115384615385
4 0.7524038461538461 0.2980769230769231 0.04447115384615385 0.11778846153846154
4 0.7548076923076923 0.29927884615384615 0.025240384615384616 0.09134615384615384