1 0.11538461538461539 0.5528846153846154 0.10697115384615384 0.12139423076923077
1 0.11778846153846154 0.5540865384615384 0.09134615384615384 0.11538461538461539
1 0.171875 0.5612980769230769 0.03125 0.09014423076923077
1 0.20552884615384615 0.5432692307692307 0.04447115384615385 0.07572115384615384
1 0.22956730769230768 0.5492788461538461 0.03365384615384615 0.08173076923076923
1 0.3389423076923077 0.5372596153846154 0.046875 0.05048076923076923
10 0.39663461538461536 0.5240384615384616 0.04326923076923077 0.09014423076923077
1 0.4110576923076923 0.5444711538461539 0.03365384615384615 0.07451923076923077
1 0.43990384615384615 0.5252403846153846 0.07572115384615384 0.12259615384615384
1 0.43509615384615385 0.5300480769230769 0.052884615384615384 0.1310096153846154
1 0.47716346153846156 0.5552884615384616 0.09014423076923077 0.11298076923076923
1 0.6766826923076923 0.6057692307692307 0.30288461538461536 0.29927884615384615