1 0.12860576923076922 0.5024038461538461 0.06610576923076923 0.0625
1 0.20673076923076922 0.49759615384615385 0.056490384615384616 0.05889423076923077
1 0.26802884615384615 0.49278846153846156 0.06009615384615385 0.056490384615384616
1 0.2704326923076923 0.4951923076923077 0.04927884615384615 0.056490384615384616
1 0.29927884615384615 0.4855769230769231 0.038461538461538464 0.052884615384615384
5 0.32211538461538464 0.32211538461538464 0.018028846153846152 0.04447115384615385
5 0.3233173076923077 0.32091346153846156 0.013221153846153846 0.04927884615384615
1 0.3894230769230769 0.4951923076923077 0.03485576923076923 0.038461538461538464
4 0.4014423076923077 0.3269230769230769 0.018028846153846152 0.040865384615384616
4 0.4014423076923077 0.33052884615384615 0.01201923076923077 0.04326923076923077
1 0.43149038461538464 0.49759615384615385 0.03485576923076923 0.05048076923076923
1 0.44591346153846156 0.49158653846153844 0.028846153846153848 0.04326923076923077
1 0.49759615384615385 0.49759615384615385 0.028846153846153848 0.046875
4 0.6105769230769231 0.421875 0.013221153846153846 0.038461538461538464
4 0.6117788461538461 0.4182692307692308 0.013221153846153846 0.038461538461538464
2 0.7235576923076923 0.5132211538461539 0.025240384615384616 0.08774038461538461
4 0.7872596153846154 0.3112980769230769 0.03485576923076923 0.09615384615384616
4 0.7860576923076923 0.3173076923076923 0.027644230769230768 0.10576923076923077