1 0.07211538461538461 0.4795673076923077 0.14423076923076922 0.15384615384615385
1 0.07572115384615384 0.484375 0.1502403846153846 0.15384615384615385
7 0.2620192307692308 0.31971153846153844 0.019230769230769232 0.04326923076923077
1 0.2692307692307692 0.49759615384615385 0.03485576923076923 0.03125
7 0.2668269230769231 0.32211538461538464 0.021634615384615384 0.055288461538461536
1 0.3317307692307692 0.49158653846153844 0.11177884615384616 0.12740384615384615
4 0.3485576923076923 0.31490384615384615 0.019230769230769232 0.04447115384615385
4 0.34975961538461536 0.3137019230769231 0.018028846153846152 0.04326923076923077
1 0.39302884615384615 0.5024038461538461 0.03485576923076923 0.10576923076923077
1 0.40024038461538464 0.5 0.038461538461538464 0.07451923076923077
4 0.41466346153846156 0.32091346153846156 0.018028846153846152 0.04447115384615385
4 0.4170673076923077 0.31971153846153844 0.013221153846153846 0.04927884615384615
1 0.48197115384615385 0.5 0.06850961538461539 0.09375
0 0.5649038461538461 0.4951923076923077 0.02403846153846154 0.09375
0 0.5673076923076923 0.49759615384615385 0.02403846153846154 0.078125
4 0.5877403846153846 0.40865384615384615 0.018028846153846152 0.037259615384615384
1 0.6478365384615384 0.4855769230769231 0.04927884615384615 0.046875
4 0.6478365384615384 0.3449519230769231 0.021634615384615384 0.06009615384615385
4 0.6454326923076923 0.34975961538461536 0.019230769230769232 0.06490384615384616
1 0.7584134615384616 0.4879807692307692 0.09134615384615384 0.06610576923076923