1 0.03125 0.6057692307692307 0.06009615384615385 0.1935096153846154
10 0.06129807692307692 0.5276442307692307 0.12259615384615384 0.08413461538461539
2 0.19831730769230768 0.5348557692307693 0.021634615384615384 0.0625
1 0.3786057692307692 0.5432692307692307 0.12860576923076922 0.08173076923076923
6 0.35336538461538464 0.18509615384615385 0.03485576923076923 0.08653846153846154
1 0.5685096153846154 0.5252403846153846 0.11298076923076923 0.06971153846153846
1 0.5685096153846154 0.5240384615384616 0.10697115384615384 0.078125
6 0.6009615384615384 0.35216346153846156 0.027644230769230768 0.08774038461538461
6 0.6057692307692307 0.3485576923076923 0.018028846153846152 0.07451923076923077
2 0.7115384615384616 0.5024038461538461 0.052884615384615384 0.10697115384615384
2 0.7872596153846154 0.5420673076923077 0.03365384615384615 0.1658653846153846
2 0.8221153846153846 0.5372596153846154 0.028846153846153848 0.16947115384615385
2 0.8774038461538461 0.5216346153846154 0.04447115384615385 0.16346153846153846