4 0.84375 0.16826923076923078 0.06009615384615385 0.1935096153846154
10 0.06370192307692307 0.49158653846153844 0.12740384615384615 0.25600961538461536
1 0.14903846153846154 0.5492788461538461 0.06490384615384616 0.08653846153846154
1 0.34615384615384615 0.5336538461538461 0.04447115384615385 0.06971153846153846
1 0.4014423076923077 0.546875 0.06610576923076923 0.09375
2 0.4891826923076923 0.5252403846153846 0.027644230769230768 0.08173076923076923
2 0.4879807692307692 0.5300480769230769 0.015625 0.07572115384615384
2 0.6201923076923077 0.5060096153846154 0.009615384615384616 0.038461538461538464
2 0.6430288461538461 0.5072115384615384 0.01201923076923077 0.07451923076923077
2 0.6526442307692307 0.5060096153846154 0.028846153846153848 0.08653846153846154
2 0.6526442307692307 0.5096153846153846 0.013221153846153846 0.0625