1 0.056490384615384616 0.5625 0.055288461538461536 0.08173076923076923
1 0.11658653846153846 0.5600961538461539 0.08653846153846154 0.08774038461538461
1 0.19471153846153846 0.5600961538461539 0.08173076923076923 0.07451923076923077
10 0.23317307692307693 0.5120192307692307 0.08173076923076923 0.11899038461538461
3 0.24759615384615385 0.25721153846153844 0.02403846153846154 0.07451923076923077
5 0.2512019230769231 0.25841346153846156 0.019230769230769232 0.07451923076923077
1 0.3016826923076923 0.5528846153846154 0.08052884615384616 0.10576923076923077
1 0.40384615384615385 0.5649038461538461 0.11177884615384616 0.13822115384615385
4 0.3786057692307692 0.26322115384615385 0.025240384615384616 0.07451923076923077
3 0.3798076923076923 0.2692307692307692 0.02403846153846154 0.07451923076923077
2 0.4807692307692308 0.5384615384615384 0.02403846153846154 0.07572115384615384
2 0.4795673076923077 0.5456730769230769 0.018028846153846152 0.055288461538461536
3 0.578125 0.41466346153846156 0.027644230769230768 0.08052884615384616
2 0.6382211538461539 0.5480769230769231 0.025240384615384616 0.10336538461538461
2 0.6646634615384616 0.5432692307692307 0.027644230769230768 0.10697115384615384
2 0.6802884615384616 0.5444711538461539 0.013221153846153846 0.10576923076923077
2 0.6935096153846154 0.546875 0.03125 0.10697115384615384
0 0.7548076923076923 0.5480769230769231 0.040865384615384616 0.14903846153846154
0 0.7524038461538461 0.5432692307692307 0.03485576923076923 0.1346153846153846
2 0.7692307692307693 0.5492788461538461 0.021634615384615384 0.12139423076923077
2 0.7956730769230769 0.5432692307692307 0.03125 0.13701923076923078
2 0.9182692307692307 0.5180288461538461 0.027644230769230768 0.06971153846153846