2 0.02403846153846154 0.5444711538461539 0.019230769230769232 0.078125
7 0.04927884615384615 0.4411057692307692 0.025240384615384616 0.06009615384615385
0 0.055288461538461536 0.546875 0.03485576923076923 0.06971153846153846
0 0.04927884615384615 0.5444711538461539 0.018028846153846152 0.06610576923076923
2 0.08052884615384616 0.5384615384615384 0.025240384615384616 0.08052884615384616
2 0.08052884615384616 0.5408653846153846 0.019230769230769232 0.07572115384615384
0 0.08052884615384616 0.5372596153846154 0.01201923076923077 0.06850961538461539
1 0.171875 0.5252403846153846 0.08774038461538461 0.07451923076923077
10 0.17427884615384615 0.5240384615384616 0.08173076923076923 0.08413461538461539
10 0.23557692307692307 0.5120192307692307 0.056490384615384616 0.056490384615384616
1 0.24158653846153846 0.5336538461538461 0.05889423076923077 0.04927884615384615
1 0.24519230769230768 0.515625 0.0625 0.05889423076923077
2 0.2848557692307692 0.5132211538461539 0.025240384615384616 0.07451923076923077
10 0.3269230769230769 0.4831730769230769 0.09975961538461539 0.1466346153846154
1 0.38822115384615385 0.5204326923076923 0.03365384615384615 0.03485576923076923
1 0.421875 0.5132211538461539 0.03485576923076923 0.03485576923076923
1 0.4230769230769231 0.5144230769230769 0.028846153846153848 0.03125
7 0.4483173076923077 0.32572115384615385 0.019230769230769232 0.06009615384615385
1 0.4651442307692308 0.5132211538461539 0.028846153846153848 0.040865384615384616
6 0.5180288461538461 0.32572115384615385 0.025240384615384616 0.06610576923076923
1 0.5336538461538461 0.5168269230769231 0.040865384615384616 0.04326923076923077
6 0.6550480769230769 0.41225961538461536 0.02403846153846154 0.06610576923076923
1 0.9399038461538461 0.5769230769230769 0.11899038461538461 0.32572115384615385