1 0.08052884615384616 0.53125 0.15264423076923078 0.1346153846153846
3 0.07091346153846154 0.08533653846153846 0.109375 0.15625
1 0.17668269230769232 0.49759615384615385 0.09975961538461539 0.06009615384615385
1 0.29447115384615385 0.5108173076923077 0.12139423076923077 0.12259615384615384
1 0.4230769230769231 0.49278846153846156 0.04927884615384615 0.0625
1 0.46153846153846156 0.49278846153846156 0.03485576923076923 0.04447115384615385
1 0.46153846153846156 0.49278846153846156 0.03125 0.046875
3 0.5697115384615384 0.028846153846153848 0.027644230769230768 0.056490384615384616
3 0.5661057692307693 0.3605769230769231 0.013221153846153846 0.052884615384615384
3 0.6526442307692307 0.3557692307692308 0.015625 0.040865384615384616
4 0.7259615384615384 0.4110576923076923 0.015625 0.04447115384615385
3 0.8004807692307693 0.0733173076923077 0.025240384615384616 0.09014423076923077
2 0.8016826923076923 0.48197115384615385 0.015625 0.052884615384615384
0 0.8100961538461539 0.47716346153846156 0.021634615384615384 0.08173076923076923
2 0.8870192307692307 0.4855769230769231 0.019230769230769232 0.09014423076923077
2 0.8882211538461539 0.49278846153846156 0.013221153846153846 0.07211538461538461
2 0.9254807692307693 0.49038461538461536 0.025240384615384616 0.06971153846153846
2 0.9266826923076923 0.4879807692307692 0.019230769230769232 0.06610576923076923