1 0.16466346153846154 0.6165865384615384 0.3293269230769231 0.4879807692307692
1 0.30528846153846156 0.5180288461538461 0.03125 0.06610576923076923
1 0.4338942307692308 0.515625 0.046875 0.05889423076923077
3 0.5829326923076923 0.31850961538461536 0.028846153846153848 0.09735576923076923
2 0.6358173076923077 0.5060096153846154 0.03485576923076923 0.11538461538461539
2 0.6370192307692307 0.5108173076923077 0.03485576923076923 0.125
2 0.6850961538461539 0.5024038461538461 0.03485576923076923 0.11298076923076923
2 0.6838942307692307 0.5024038461538461 0.028846153846153848 0.12259615384615384
2 0.8149038461538461 0.484375 0.037259615384615384 0.15865384615384615
2 0.8521634615384616 0.48677884615384615 0.04927884615384615 0.14903846153846154
2 0.8581730769230769 0.47596153846153844 0.028846153846153848 0.16826923076923078
2 0.8882211538461539 0.5192307692307693 0.03485576923076923 0.078125