1 0.02403846153846154 0.5336538461538461 0.046875 0.15625
10 0.07572115384615384 0.5024038461538461 0.109375 0.08774038461538461
1 0.0889423076923077 0.578125 0.1346153846153846 0.18028846153846154
1 0.28365384615384615 0.5913461538461539 0.328125 0.42427884615384615
3 0.31850961538461536 0.3293269230769231 0.018028846153846152 0.052884615384615384
6 0.41346153846153844 0.32572115384615385 0.018028846153846152 0.04326923076923077
6 0.49158653846153844 0.32572115384615385 0.018028846153846152 0.052884615384615384
1 0.5120192307692307 0.5240384615384616 0.037259615384615384 0.05889423076923077
1 0.5288461538461539 0.5228365384615384 0.015625 0.04326923076923077
1 0.6959134615384616 0.5649038461538461 0.1658653846153846 0.1778846153846154
2 0.6334134615384616 0.5216346153846154 0.019230769230769232 0.056490384615384616
2 0.6346153846153846 0.5132211538461539 0.015625 0.040865384615384616
6 0.6802884615384616 0.41586538461538464 0.015625 0.04447115384615385
10 0.9038461538461539 0.48197115384615385 0.1875 0.14903846153846154
6 0.9278846153846154 0.25240384615384615 0.04927884615384615 0.15384615384615385
2 0.9591346153846154 0.5420673076923077 0.028846153846153848 0.12139423076923077