0 0.007211538461538462 0.5300480769230769 0.01201923076923077 0.09615384615384616
0 0.09134615384615384 0.5384615384615384 0.025240384615384616 0.07451923076923077
0 0.09134615384615384 0.5336538461538461 0.018028846153846152 0.06610576923076923
7 0.12860576923076922 0.45072115384615385 0.019230769230769232 0.055288461538461536
1 0.33413461538461536 0.5841346153846154 0.3473557692307692 0.4651442307692308
3 0.359375 0.3233173076923077 0.01201923076923077 0.046875
4 0.45552884615384615 0.33052884615384615 0.018028846153846152 0.05048076923076923
10 0.7115384615384616 0.40625 0.3942307692307692 0.5600961538461539
1 0.9170673076923077 0.7019230769230769 0.15985576923076922 0.47115384615384615
1 0.9350961538461539 0.46634615384615385 0.08173076923076923 0.11538461538461539
10 0.9375 0.4362980769230769 0.06850961538461539 0.05048076923076923
2 0.9254807692307693 0.4963942307692308 0.028846153846153848 0.10697115384615384