1 0.018028846153846152 0.5588942307692307 0.03365384615384615 0.08173076923076923
1 0.5432692307692307 0.5228365384615384 0.038461538461538464 0.037259615384615384
1 0.09375 0.5480769230769231 0.09975961538461539 0.078125
1 0.18870192307692307 0.5408653846153846 0.03485576923076923 0.040865384615384616
1 0.31850961538461536 0.5444711538461539 0.23677884615384615 0.14302884615384615
7 0.4230769230769231 0.31971153846153844 0.019230769230769232 0.0625
6 0.49759615384615385 0.31850961538461536 0.02403846153846154 0.06610576923076923
6 0.6442307692307693 0.41225961538461536 0.02403846153846154 0.06850961538461539
0 0.7836538461538461 0.5096153846153846 0.040865384615384616 0.08052884615384616
1 0.8641826923076923 0.5204326923076923 0.140625 0.08774038461538461
1 0.9435096153846154 0.7067307692307693 0.10697115384615384 0.49038461538461536