10 0.3485576923076923 0.5216346153846154 0.07572115384615384 0.09014423076923077
5 0.3473557692307692 0.49158653846153844 0.025240384615384616 0.07211538461538461
1 0.38100961538461536 0.5336538461538461 0.052884615384615384 0.07451923076923077
1 0.41947115384615385 0.5600961538461539 0.08653846153846154 0.08653846153846154
3 0.47836538461538464 0.4567307692307692 0.01201923076923077 0.037259615384615384
1 0.5552884615384616 0.5408653846153846 0.05889423076923077 0.06850961538461539
3 0.5913461538461539 0.3894230769230769 0.018028846153846152 0.06009615384615385
1 0.5997596153846154 0.5252403846153846 0.025240384615384616 0.05048076923076923
1 0.6225961538461539 0.5372596153846154 0.04447115384615385 0.0625
1 0.6682692307692307 0.5432692307692307 0.07211538461538461 0.08052884615384616
1 0.6706730769230769 0.5432692307692307 0.07211538461538461 0.07572115384615384
4 0.6790865384615384 0.4567307692307692 0.009615384615384616 0.03365384615384615
1 0.8004807692307693 0.5697115384615384 0.18509615384615385 0.1778846153846154
4 0.7668269230769231 0.41947115384615385 0.019230769230769232 0.04927884615384615