1 0.3016826923076923 0.6322115384615384 0.19471153846153846 0.203125
1 0.43028846153846156 0.6105769230769231 0.08052884615384616 0.10576923076923077
2 0.49038461538461536 0.5709134615384616 0.018028846153846152 0.07211538461538461
2 0.5072115384615384 0.5721153846153846 0.015625 0.06850961538461539
2 0.5552884615384616 0.5661057692307693 0.018028846153846152 0.07451923076923077
2 0.5612980769230769 0.5649038461538461 0.019230769230769232 0.06009615384615385
1 0.5961538461538461 0.5769230769230769 0.04326923076923077 0.0625
1 0.7475961538461539 0.5600961538461539 0.06009615384615385 0.08173076923076923
1 0.7932692307692307 0.5576923076923077 0.02403846153846154 0.04447115384615385
1 0.8269230769230769 0.5637019230769231 0.03485576923076923 0.06971153846153846
1 0.8798076923076923 0.5901442307692307 0.037259615384615384 0.109375
1 0.9242788461538461 0.6105769230769231 0.09975961538461539 0.17548076923076922
1 0.9651442307692307 0.6502403846153846 0.06610576923076923 0.23677884615384615