1 0.037259615384615384 0.5432692307692307 0.07451923076923077 0.13701923076923078
1 0.08653846153846154 0.5793269230769231 0.1310096153846154 0.1814903846153846
1 0.28365384615384615 0.5913461538461539 0.33052884615384615 0.42427884615384615
3 0.31850961538461536 0.3293269230769231 0.018028846153846152 0.052884615384615384
6 0.41346153846153844 0.32572115384615385 0.018028846153846152 0.04447115384615385
6 0.49158653846153844 0.32572115384615385 0.018028846153846152 0.052884615384615384
1 0.5072115384615384 0.5180288461538461 0.021634615384615384 0.037259615384615384
1 0.5384615384615384 0.5252403846153846 0.03365384615384615 0.05048076923076923
1 0.5600961538461539 0.5180288461538461 0.021634615384615384 0.03365384615384615
1 0.6899038461538461 0.5625 0.15384615384615385 0.171875
2 0.6274038461538461 0.5180288461538461 0.015625 0.040865384615384616
6 0.6802884615384616 0.41586538461538464 0.015625 0.04447115384615385
10 0.8449519230769231 0.4807692307692308 0.171875 0.1310096153846154
1 0.8882211538461539 0.5240384615384616 0.1466346153846154 0.08173076923076923
6 0.9314903846153846 0.25240384615384615 0.04927884615384615 0.1502403846153846
2 0.9507211538461539 0.5432692307692307 0.028846153846153848 0.12139423076923077