1 0.04567307692307692 0.6069711538461539 0.09134615384615384 0.5408653846153846
1 0.06009615384615385 0.49759615384615385 0.07572115384615384 0.09735576923076923
1 0.11177884615384616 0.4362980769230769 0.15625 0.13701923076923078
10 0.13221153846153846 0.49038461538461536 0.1875 0.2127403846153846
1 0.19831730769230768 0.5444711538461539 0.203125 0.18990384615384615
7 0.24759615384615385 0.34975961538461536 0.02403846153846154 0.06490384615384616
3 0.2512019230769231 0.3485576923076923 0.019230769230769232 0.05048076923076923
3 0.30528846153846156 0.3557692307692308 0.019230769230769232 0.06610576923076923
1 0.3473557692307692 0.49759615384615385 0.06610576923076923 0.08774038461538461
1 0.4699519230769231 0.5564903846153846 0.24759615384615385 0.2776442307692308
4 0.38221153846153844 0.3581730769230769 0.019230769230769232 0.056490384615384616
3 0.38822115384615385 0.34375 0.018028846153846152 0.046875
4 0.44471153846153844 0.36177884615384615 0.03365384615384615 0.078125
6 0.44591346153846156 0.34375 0.018028846153846152 0.05048076923076923
4 0.5697115384615384 0.41466346153846156 0.018028846153846152 0.06009615384615385
4 0.5697115384615384 0.41346153846153844 0.018028846153846152 0.04447115384615385
1 0.7632211538461539 0.49038461538461536 0.03125 0.07451923076923077
1 0.7824519230769231 0.49399038461538464 0.06850961538461539 0.06850961538461539
1 0.8870192307692307 0.5252403846153846 0.22235576923076922 0.47596153846153844