1 0.08774038461538461 0.5456730769230769 0.171875 0.15865384615384615
1 0.23197115384615385 0.5420673076923077 0.13822115384615385 0.13221153846153846
1 0.31490384615384615 0.5072115384615384 0.09014423076923077 0.06850961538461539
1 0.3317307692307692 0.5168269230769231 0.056490384615384616 0.07572115384615384
1 0.41586538461538464 0.5060096153846154 0.05889423076923077 0.07211538461538461
1 0.41586538461538464 0.5012019230769231 0.055288461538461536 0.04447115384615385
1 0.47115384615384615 0.5 0.09975961538461539 0.06610576923076923
1 0.6117788461538461 0.5024038461538461 0.11298076923076923 0.08173076923076923
1 0.6862980769230769 0.484375 0.07451923076923077 0.040865384615384616
1 0.6899038461538461 0.47596153846153844 0.06971153846153846 0.078125
1 0.7139423076923077 0.5384615384615384 0.04326923076923077 0.13701923076923078
1 0.8317307692307693 0.5552884615384616 0.24759615384615385 0.29086538461538464