1 0.1814903846153846 0.5336538461538461 0.05889423076923077 0.05889423076923077
1 0.05889423076923077 0.5588942307692307 0.11778846153846154 0.09735576923076923
1 0.11177884615384616 0.5360576923076923 0.04447115384615385 0.04927884615384615
1 0.23197115384615385 0.5372596153846154 0.037259615384615384 0.06490384615384616
1 0.3125 0.5721153846153846 0.15384615384615385 0.19471153846153846
5 0.34975961538461536 0.36177884615384615 0.018028846153846152 0.04326923076923077
4 0.4026442307692308 0.40384615384615385 0.015625 0.04447115384615385
1 0.4411057692307692 0.5264423076923077 0.015625 0.056490384615384616
1 0.45913461538461536 0.5360576923076923 0.019230769230769232 0.055288461538461536
1 0.47716346153846156 0.5360576923076923 0.021634615384615384 0.07572115384615384
1 0.5240384615384616 0.53125 0.08413461538461539 0.13221153846153846
4 0.5432692307692307 0.34375 0.018028846153846152 0.05048076923076923
1 0.6706730769230769 0.5516826923076923 0.10697115384615384 0.12740384615384615
1 0.8353365384615384 0.6622596153846154 0.32572115384615385 0.45552884615384615