2 0.8389423076923077 0.5132211538461539 0.0625 0.05889423076923077
1 0.027644230769230768 0.5697115384615384 0.055288461538461536 0.10697115384615384
1 0.055288461538461536 0.546875 0.056490384615384616 0.11177884615384616
1 0.10817307692307693 0.5396634615384616 0.052884615384615384 0.055288461538461536
1 0.1622596153846154 0.5324519230769231 0.04326923076923077 0.05889423076923077
1 0.25240384615384615 0.5192307692307693 0.03125 0.040865384615384616
1 0.3713942307692308 0.5540865384615384 0.1466346153846154 0.2247596153846154
1 0.45552884615384615 0.53125 0.05889423076923077 0.08413461538461539
1 0.5228365384615384 0.53125 0.12740384615384615 0.09975961538461539
2 0.6117788461538461 0.48677884615384615 0.018028846153846152 0.056490384615384616
2 0.7920673076923077 0.4723557692307692 0.028846153846153848 0.08173076923076923
2 0.8137019230769231 0.47475961538461536 0.021634615384615384 0.08653846153846154
2 0.8557692307692307 0.46634615384615385 0.021634615384615384 0.078125
1 0.9411057692307693 0.5552884615384616 0.11538461538461539 0.18028846153846154