2 0.7451923076923077 0.5180288461538461 0.02403846153846154 0.06490384615384616
1 0.9254807692307693 0.5396634615384616 0.14423076923076922 0.1346153846153846
1 0.04326923076923077 0.5600961538461539 0.06490384615384616 0.04447115384615385
4 0.28966346153846156 0.36899038461538464 0.03125 0.08653846153846154
4 0.34615384615384615 0.42788461538461536 0.01201923076923077 0.04326923076923077
1 0.41466346153846156 0.5276442307692307 0.04927884615384615 0.06850961538461539
1 0.46274038461538464 0.5240384615384616 0.015625 0.025240384615384616
1 0.48197115384615385 0.5288461538461539 0.03125 0.038461538461538464
4 0.4891826923076923 0.3173076923076923 0.013221153846153846 0.04927884615384615
1 0.5192307692307693 0.5192307692307693 0.0625 0.08413461538461539
4 0.5865384615384616 0.3076923076923077 0.013221153846153846 0.04927884615384615