1 0.109375 0.4254807692307692 0.21875 0.7620192307692307
10 0.10096153846153846 0.43509615384615385 0.20072115384615385 0.7319711538461539
1 0.3858173076923077 0.5540865384615384 0.1814903846153846 0.24639423076923078
1 0.46875 0.5192307692307693 0.028846153846153848 0.055288461538461536
1 0.5504807692307693 0.5444711538461539 0.09375 0.140625
1 0.5384615384615384 0.5444711538461539 0.05048076923076923 0.12259615384615384
4 0.5348557692307693 0.4375 0.019230769230769232 0.04326923076923077
1 0.5757211538461539 0.5709134615384616 0.07211538461538461 0.1466346153846154
1 0.5925480769230769 0.5661057692307693 0.09975961538461539 0.15384615384615385
1 0.6838942307692307 0.5901442307692307 0.18389423076923078 0.27403846153846156
1 0.8353365384615384 0.6778846153846154 0.32572115384615385 0.578125
2 0.7608173076923077 0.44471153846153844 0.040865384615384616 0.04927884615384615
2 0.7632211538461539 0.44591346153846156 0.019230769230769232 0.04447115384615385