1 0.08413461538461539 0.46274038461538464 0.06490384615384616 0.04447115384615385
1 0.07451923076923077 0.4567307692307692 0.037259615384615384 0.05048076923076923
1 0.11778846153846154 0.45913461538461536 0.03485576923076923 0.04447115384615385
1 0.15865384615384615 0.4675480769230769 0.05048076923076923 0.05889423076923077
1 0.1971153846153846 0.4651442307692308 0.03125 0.052884615384615384
1 0.22716346153846154 0.47836538461538464 0.04326923076923077 0.0625
1 0.27524038461538464 0.4807692307692308 0.04927884615384615 0.04326923076923077
1 0.28846153846153844 0.48677884615384615 0.05048076923076923 0.04927884615384615
1 0.32572115384615385 0.4699519230769231 0.04447115384615385 0.05048076923076923
1 0.3317307692307692 0.48197115384615385 0.040865384615384616 0.055288461538461536
4 0.42788461538461536 0.44591346153846156 0.01201923076923077 0.02403846153846154
1 0.47836538461538464 0.5096153846153846 0.09975961538461539 0.15384615384615385
4 0.49278846153846156 0.41947115384615385 0.01201923076923077 0.028846153846153848
1 0.6189903846153846 0.5144230769230769 0.04326923076923077 0.052884615384615384
1 0.7560096153846154 0.5300480769230769 0.08413461538461539 0.08052884615384616
1 0.7644230769230769 0.5288461538461539 0.05889423076923077 0.07572115384615384
1 0.8365384615384616 0.5288461538461539 0.056490384615384616 0.109375
1 0.9230769230769231 0.5492788461538461 0.14423076923076922 0.16947115384615385