2 0.9146634615384616 0.5216346153846154 0.018028846153846152 0.06610576923076923
1 0.18028846153846154 0.5252403846153846 0.040865384615384616 0.038461538461538464
1 0.2512019230769231 0.5216346153846154 0.056490384615384616 0.06009615384615385
1 0.3173076923076923 0.5240384615384616 0.04927884615384615 0.04326923076923077
1 0.31971153846153844 0.5168269230769231 0.04927884615384615 0.046875
6 0.31850961538461536 0.4735576923076923 0.025240384615384616 0.05048076923076923
3 0.31490384615384615 0.4807692307692308 0.018028846153846152 0.05048076923076923
1 0.38822115384615385 0.5084134615384616 0.055288461538461536 0.040865384615384616
1 0.42788461538461536 0.5180288461538461 0.021634615384615384 0.04326923076923077
6 0.4338942307692308 0.33774038461538464 0.018028846153846152 0.03485576923076923
1 0.46634615384615385 0.5324519230769231 0.06490384615384616 0.09134615384615384
6 0.5072115384615384 0.4362980769230769 0.015625 0.038461538461538464
6 0.5132211538461539 0.359375 0.018028846153846152 0.040865384615384616
1 0.5324519230769231 0.5276442307692307 0.046875 0.09615384615384616
1 0.5216346153846154 0.5300480769230769 0.019230769230769232 0.0625
1 0.5540865384615384 0.5372596153846154 0.04447115384615385 0.07211538461538461
1 0.5456730769230769 0.5384615384615384 0.021634615384615384 0.0625
6 0.5516826923076923 0.47596153846153844 0.009615384615384616 0.028846153846153848
1 0.5817307692307693 0.5504807692307693 0.05889423076923077 0.08774038461538461
1 0.5745192307692307 0.5492788461538461 0.027644230769230768 0.08653846153846154
1 0.6490384615384616 0.5625 0.12259615384615384 0.11899038461538461
6 0.6129807692307693 0.43990384615384615 0.015625 0.040865384615384616
6 0.6478365384615384 0.4206730769230769 0.018028846153846152 0.03485576923076923
2 0.9927884615384616 0.5108173076923077 0.013221153846153846 0.078125