3 0.056490384615384616 0.0733173076923077 0.11298076923076923 0.1466346153846154
1 0.10697115384615384 0.5144230769230769 0.09134615384615384 0.06009615384615385
1 0.45072115384615385 0.5120192307692307 0.021634615384615384 0.046875
1 0.4735576923076923 0.5108173076923077 0.03485576923076923 0.04927884615384615
1 0.5288461538461539 0.4951923076923077 0.027644230769230768 0.037259615384615384
5 0.5709134615384616 0.025240384615384616 0.027644230769230768 0.05048076923076923
6 0.5649038461538461 0.3701923076923077 0.018028846153846152 0.05048076923076923
6 0.6514423076923077 0.36658653846153844 0.015625 0.056490384615384616
6 0.7247596153846154 0.4254807692307692 0.018028846153846152 0.05048076923076923
4 0.8016826923076923 0.078125 0.027644230769230768 0.09375
3 0.8088942307692307 0.07932692307692307 0.03365384615384615 0.11899038461538461
1 0.8209134615384616 0.49759615384615385 0.04447115384615385 0.046875
1 0.8509615384615384 0.4963942307692308 0.05889423076923077 0.055288461538461536
1 0.9170673076923077 0.49759615384615385 0.08413461538461539 0.0625
1 0.9759615384615384 0.49278846153846156 0.04447115384615385 0.037259615384615384
1 0.9771634615384616 0.4987980769230769 0.037259615384615384 0.04927884615384615