1 0.037259615384615384 0.5576923076923077 0.07451923076923077 0.10576923076923077
1 0.03365384615384615 0.5649038461538461 0.06610576923076923 0.10336538461538461
1 0.08774038461538461 0.5528846153846154 0.05048076923076923 0.07211538461538461
1 0.0889423076923077 0.5552884615384616 0.04447115384615385 0.07451923076923077
1 0.15745192307692307 0.5552884615384616 0.07451923076923077 0.06971153846153846
1 0.20673076923076922 0.5552884615384616 0.040865384615384616 0.06009615384615385
1 0.20552884615384615 0.5649038461538461 0.025240384615384616 0.05048076923076923
1 0.5252403846153846 0.5540865384615384 0.03485576923076923 0.055288461538461536
1 0.5288461538461539 0.5612980769230769 0.028846153846153848 0.04326923076923077
1 0.5504807692307693 0.5528846153846154 0.028846153846153848 0.06850961538461539
1 0.5805288461538461 0.5649038461538461 0.056490384615384616 0.07211538461538461
1 0.5841346153846154 0.5612980769230769 0.06490384615384616 0.07451923076923077
1 0.6538461538461539 0.578125 0.10336538461538461 0.09975961538461539
1 0.7608173076923077 0.5805288461538461 0.10576923076923077 0.09375
1 0.8617788461538461 0.5853365384615384 0.11298076923076923 0.09375
1 0.9567307692307693 0.5925480769230769 0.08413461538461539 0.09134615384615384