2 0.10697115384615384 0.6153846153846154 0.1875 0.6778846153846154
1 0.026442307692307692 0.5685096153846154 0.05048076923076923 0.06971153846153846
1 0.17427884615384615 0.5649038461538461 0.09375 0.11298076923076923
1 0.22956730769230768 0.5588942307692307 0.05048076923076923 0.06971153846153846
1 0.28846153846153844 0.5372596153846154 0.037259615384615384 0.05048076923076923
1 0.40865384615384615 0.5240384615384616 0.040865384615384616 0.055288461538461536
1 0.5036057692307693 0.5408653846153846 0.03125 0.07572115384615384
1 0.5492788461538461 0.5492788461538461 0.09014423076923077 0.10576923076923077
2 0.6105769230769231 0.5120192307692307 0.027644230769230768 0.09375
2 0.6081730769230769 0.5204326923076923 0.025240384615384616 0.09134615384615384
2 0.6754807692307693 0.5264423076923077 0.03485576923076923 0.12139423076923077