1 0.41346153846153844 0.5336538461538461 0.11778846153846154 0.07211538461538461
1 0.11658653846153846 0.546875 0.09134615384615384 0.07451923076923077
1 0.28846153846153844 0.5444711538461539 0.1875 0.12740384615384615
7 0.4230769230769231 0.31971153846153844 0.019230769230769232 0.0625
6 0.49759615384615385 0.3173076923076923 0.025240384615384616 0.06610576923076923
10 0.5228365384615384 0.4807692307692308 0.06009615384615385 0.11899038461538461
10 0.5240384615384616 0.4831730769230769 0.05889423076923077 0.12259615384615384
6 0.6442307692307693 0.41346153846153844 0.027644230769230768 0.06971153846153846
0 0.8846153846153846 0.5180288461538461 0.06971153846153846 0.08413461538461539
0 0.8834134615384616 0.5144230769230769 0.055288461538461536 0.08774038461538461
1 0.9411057692307693 0.7175480769230769 0.11177884615384616 0.5288461538461539