1 0.04447115384615385 0.5540865384615384 0.08774038461538461 0.14302884615384615
1 0.08413461538461539 0.5 0.04927884615384615 0.06610576923076923
1 0.24759615384615385 0.5144230769230769 0.08774038461538461 0.109375
1 0.2956730769230769 0.5 0.028846153846153848 0.09014423076923077
4 0.36778846153846156 0.45072115384615385 0.013221153846153846 0.037259615384615384
1 0.4855769230769231 0.49399038461538464 0.04927884615384615 0.08774038461538461
4 0.49759615384615385 0.3918269230769231 0.021634615384615384 0.04326923076923077
1 0.5456730769230769 0.49278846153846156 0.027644230769230768 0.0625
4 0.5516826923076923 0.44350961538461536 0.019230769230769232 0.03125
4 0.5540865384615384 0.4423076923076923 0.018028846153846152 0.04927884615384615
1 0.5697115384615384 0.5 0.028846153846153848 0.06971153846153846
1 0.6213942307692307 0.5096153846153846 0.09134615384615384 0.10336538461538461