1 0.26802884615384615 0.6117788461538461 0.34975961538461536 0.5036057692307693
4 0.43509615384615385 0.4639423076923077 0.013221153846153846 0.03485576923076923
1 0.45552884615384615 0.5649038461538461 0.040865384615384616 0.16346153846153846
1 0.5144230769230769 0.5072115384615384 0.03365384615384615 0.05048076923076923
4 0.5793269230769231 0.3629807692307692 0.021634615384615384 0.05048076923076923
4 0.5757211538461539 0.37259615384615385 0.013221153846153846 0.05048076923076923
1 0.6069711538461539 0.5132211538461539 0.02403846153846154 0.037259615384615384
4 0.671875 0.43990384615384615 0.015625 0.037259615384615384
4 0.6706730769230769 0.4519230769230769 0.01201923076923077 0.037259615384615384
4 0.9423076923076923 0.36538461538461536 0.015625 0.046875
4 0.9411057692307693 0.37740384615384615 0.01201923076923077 0.05048076923076923
1 0.9699519230769231 0.546875 0.056490384615384616 0.13701923076923078
1 0.9711538461538461 0.4855769230769231 0.055288461538461536 0.09134615384615384