2 0.9723557692307693 0.515625 0.05048076923076923 0.17548076923076922
2 0.42908653846153844 0.5024038461538461 0.027644230769230768 0.10576923076923077
2 0.42908653846153844 0.49278846153846156 0.018028846153846152 0.09134615384615384
5 0.43990384615384615 0.4110576923076923 0.015625 0.038461538461538464
4 0.4411057692307692 0.4182692307692308 0.018028846153846152 0.03365384615384615
1 0.5552884615384616 0.4951923076923077 0.03485576923076923 0.06009615384615385
1 0.5552884615384616 0.49759615384615385 0.03365384615384615 0.040865384615384616
4 0.6105769230769231 0.41947115384615385 0.019230769230769232 0.03485576923076923
4 0.6105769230769231 0.41586538461538464 0.015625 0.04326923076923077
1 0.8064903846153846 0.48677884615384615 0.10576923076923077 0.06009615384615385
1 0.8076923076923077 0.4795673076923077 0.10336538461538461 0.05889423076923077