1 0.03245192307692308 0.5973557692307693 0.05889423076923077 0.27163461538461536
1 0.16346153846153846 0.53125 0.028846153846153848 0.052884615384615384
1 0.19591346153846154 0.5288461538461539 0.052884615384615384 0.09615384615384616
1 0.20072115384615385 0.5288461538461539 0.055288461538461536 0.08653846153846154
10 0.25721153846153844 0.49759615384615385 0.06971153846153846 0.109375
1 0.28966346153846156 0.5336538461538461 0.05048076923076923 0.052884615384615384
1 0.33413461538461536 0.5252403846153846 0.05889423076923077 0.07572115384615384
2 0.43149038461538464 0.5072115384615384 0.018028846153846152 0.06009615384615385
2 0.4651442307692308 0.5084134615384616 0.027644230769230768 0.06971153846153846
1 0.7932692307692307 0.4963942307692308 0.09134615384615384 0.06610576923076923
1 0.7884615384615384 0.5012019230769231 0.08173076923076923 0.06850961538461539