10 0.03485576923076923 0.49399038461538464 0.06971153846153846 0.09375
1 0.07451923076923077 0.5396634615384616 0.09375 0.040865384615384616
1 0.1466346153846154 0.5300480769230769 0.06490384615384616 0.04326923076923077
1 0.15144230769230768 0.53125 0.06490384615384616 0.05048076923076923
1 0.22235576923076922 0.5180288461538461 0.04326923076923077 0.055288461538461536
1 0.22235576923076922 0.5228365384615384 0.04326923076923077 0.05889423076923077
1 0.2692307692307692 0.5432692307692307 0.055288461538461536 0.078125
1 0.2692307692307692 0.5384615384615384 0.052884615384615384 0.07211538461538461
1 0.3076923076923077 0.5336538461538461 0.028846153846153848 0.04927884615384615
1 0.40865384615384615 0.5829326923076923 0.125 0.15985576923076922
7 0.36899038461538464 0.37740384615384615 0.018028846153846152 0.04326923076923077
3 0.36778846153846156 0.37740384615384615 0.013221153846153846 0.03125
4 0.4254807692307692 0.3786057692307692 0.01201923076923077 0.038461538461538464
1 0.46274038461538464 0.5444711538461539 0.037259615384615384 0.13221153846153846
1 0.48677884615384615 0.5324519230769231 0.019230769230769232 0.052884615384615384
1 0.5084134615384616 0.5252403846153846 0.03365384615384615 0.046875
4 0.5096153846153846 0.44711538461538464 0.01201923076923077 0.025240384615384616
4 0.5204326923076923 0.4338942307692308 0.013221153846153846 0.04326923076923077
2 0.9266826923076923 0.5276442307692307 0.05048076923076923 0.20552884615384615