1 0.07932692307692307 0.6069711538461539 0.15865384615384615 0.28365384615384615
10 0.07692307692307693 0.48197115384615385 0.1502403846153846 0.13701923076923078
10 0.08653846153846154 0.484375 0.14302884615384615 0.10096153846153846
1 0.1658653846153846 0.5492788461538461 0.06490384615384616 0.06850961538461539
1 0.16466346153846154 0.5444711538461539 0.052884615384615384 0.06610576923076923
1 0.3161057692307692 0.6225961538461539 0.27524038461538464 0.359375
7 0.3401442307692308 0.24639423076923078 0.021634615384615384 0.05889423076923077
10 0.49038461538461536 0.4879807692307692 0.08052884615384616 0.12139423076923077
6 0.4651442307692308 0.27524038461538464 0.019230769230769232 0.0625
6 0.4651442307692308 0.27884615384615385 0.019230769230769232 0.06009615384615385
2 0.6069711538461539 0.5180288461538461 0.025240384615384616 0.09134615384615384
6 0.6334134615384616 0.38822115384615385 0.015625 0.055288461538461536
6 0.6346153846153846 0.39302884615384615 0.015625 0.06610576923076923
1 0.8569711538461539 0.5444711538461539 0.28365384615384615 0.6622596153846154
1 0.8569711538461539 0.5444711538461539 0.28125 0.6682692307692307