2 0.9350961538461539 0.5228365384615384 0.056490384615384616 0.11538461538461539
2 0.8954326923076923 0.5084134615384616 0.037259615384615384 0.1622596153846154
1 0.11057692307692307 0.5612980769230769 0.1622596153846154 0.15625
2 0.19230769230769232 0.5516826923076923 0.021634615384615384 0.07572115384615384
4 0.1935096153846154 0.42427884615384615 0.021634615384615384 0.0625
2 0.19831730769230768 0.5552884615384616 0.025240384615384616 0.07451923076923077
1 0.28846153846153844 0.5432692307692307 0.056490384615384616 0.06971153846153846
1 0.3942307692307692 0.609375 0.1935096153846154 0.2247596153846154
1 0.34375 0.5336538461538461 0.06009615384615385 0.09615384615384616
1 0.5048076923076923 0.5504807692307693 0.14903846153846154 0.15384615384615385
4 0.5132211538461539 0.40024038461538464 0.019230769230769232 0.05889423076923077
2 0.5961538461538461 0.5552884615384616 0.04326923076923077 0.18509615384615385
2 0.6141826923076923 0.546875 0.019230769230769232 0.1875
2 0.6370192307692307 0.5492788461538461 0.03365384615384615 0.15264423076923078
2 0.6838942307692307 0.5372596153846154 0.027644230769230768 0.16947115384615385
2 0.7079326923076923 0.5384615384615384 0.03125 0.15384615384615385
2 0.7091346153846154 0.5336538461538461 0.025240384615384616 0.15384615384615385
1 0.8161057692307693 0.5204326923076923 0.09615384615384616 0.10576923076923077