6 0.08173076923076923 0.078125 0.16346153846153846 0.15625
1 0.09254807692307693 0.5252403846153846 0.18509615384615385 0.1658653846153846
1 0.1045673076923077 0.5168269230769231 0.15985576923076922 0.140625
1 0.20552884615384615 0.49759615384615385 0.040865384615384616 0.08774038461538461
1 0.3329326923076923 0.49158653846153844 0.038461538461538464 0.05048076923076923
1 0.3894230769230769 0.5108173076923077 0.05889423076923077 0.0625
1 0.4411057692307692 0.49759615384615385 0.025240384615384616 0.038461538461538464
1 0.4807692307692308 0.49278846153846156 0.038461538461538464 0.04447115384615385
3 0.5649038461538461 0.36538461538461536 0.02403846153846154 0.06610576923076923
1 0.5913461538461539 0.4831730769230769 0.03365384615384615 0.052884615384615384
1 0.5913461538461539 0.4855769230769231 0.027644230769230768 0.056490384615384616
1 0.6274038461538461 0.4891826923076923 0.04927884615384615 0.055288461538461536
1 0.6262019230769231 0.49038461538461536 0.040865384615384616 0.046875
1 0.6502403846153846 0.4891826923076923 0.03485576923076923 0.03485576923076923
1 0.6502403846153846 0.5 0.018028846153846152 0.056490384615384616
3 0.6526442307692307 0.3557692307692308 0.015625 0.040865384615384616
1 0.6959134615384616 0.5024038461538461 0.06490384615384616 0.09375
1 0.7007211538461539 0.5060096153846154 0.06850961538461539 0.08653846153846154
4 0.7259615384615384 0.41466346153846156 0.018028846153846152 0.05048076923076923
1 0.7788461538461539 0.5180288461538461 0.11177884615384616 0.140625
8 0.8004807692307693 0.07692307692307693 0.05048076923076923 0.11778846153846154
3 0.7992788461538461 0.07572115384615384 0.027644230769230768 0.09375
1 0.8617788461538461 0.5132211538461539 0.07451923076923077 0.11298076923076923
2 0.8882211538461539 0.48197115384615385 0.02403846153846154 0.078125
2 0.9807692307692307 0.48677884615384615 0.028846153846153848 0.09615384615384616
2 0.9819711538461539 0.49399038461538464 0.025240384615384616 0.1310096153846154