2 0.038461538461538464 0.546875 0.027644230769230768 0.09375
2 0.038461538461538464 0.5492788461538461 0.02403846153846154 0.07451923076923077
1 0.12259615384615384 0.5384615384615384 0.07211538461538461 0.07572115384615384
0 0.18509615384615385 0.5372596153846154 0.04447115384615385 0.09014423076923077
1 0.33052884615384615 0.6526442307692307 0.3317307692307692 0.4182692307692308
2 0.18509615384615385 0.5384615384615384 0.021634615384615384 0.08173076923076923
2 0.1971153846153846 0.5360576923076923 0.021634615384615384 0.08173076923076923
2 0.1971153846153846 0.5204326923076923 0.015625 0.055288461538461536
7 0.2800480769230769 0.2764423076923077 0.019230769230769232 0.0625
6 0.3894230769230769 0.2860576923076923 0.019230769230769232 0.07211538461538461
2 0.5132211538461539 0.5240384615384616 0.021634615384615384 0.0625
2 0.5180288461538461 0.5264423076923077 0.013221153846153846 0.06009615384615385
2 0.5276442307692307 0.5180288461538461 0.018028846153846152 0.0625
2 0.5288461538461539 0.5192307692307693 0.015625 0.06971153846153846
6 0.5637019230769231 0.40865384615384615 0.021634615384615384 0.0625
1 0.7055288461538461 0.5432692307692307 0.29086538461538464 0.13822115384615385
2 0.6286057692307693 0.5084134615384616 0.02403846153846154 0.07451923076923077
0 0.7716346153846154 0.5384615384615384 0.12139423076923077 0.18990384615384615
1 0.8641826923076923 0.5252403846153846 0.12139423076923077 0.07451923076923077