1 0.8569711538461539 0.47115384615384615 0.040865384615384616 0.038461538461538464
1 0.08533653846153846 0.5060096153846154 0.056490384615384616 0.038461538461538464
1 0.31490384615384615 0.5072115384615384 0.03125 0.056490384615384616
4 0.3137019230769231 0.4519230769230769 0.013221153846153846 0.028846153846153848
1 0.36778846153846156 0.5108173076923077 0.09134615384615384 0.1310096153846154
1 0.42788461538461536 0.5084134615384616 0.037259615384615384 0.06971153846153846
1 0.42788461538461536 0.47115384615384615 0.03365384615384615 0.019230769230769232
1 0.42908653846153844 0.5120192307692307 0.02403846153846154 0.06971153846153846
5 0.45552884615384615 0.40384615384615385 0.013221153846153846 0.027644230769230768
4 0.4567307692307692 0.39903846153846156 0.01201923076923077 0.03485576923076923
4 0.5024038461538461 0.39302884615384615 0.018028846153846152 0.028846153846153848
4 0.5036057692307693 0.390625 0.015625 0.04447115384615385
3 0.578125 0.43509615384615385 0.018028846153846152 0.037259615384615384
4 0.5817307692307693 0.44471153846153844 0.019230769230769232 0.038461538461538464
3 0.6646634615384616 0.40384615384615385 0.019230769230769232 0.05048076923076923
4 0.6670673076923077 0.39903846153846156 0.013221153846153846 0.05048076923076923