1 0.8641826923076923 0.6502403846153846 0.2692307692307692 0.6694711538461539
1 0.17067307692307693 0.5192307692307693 0.19951923076923078 0.28725961538461536
1 0.2800480769230769 0.5552884615384616 0.046875 0.12139423076923077
1 0.2800480769230769 0.5480769230769231 0.04326923076923077 0.1346153846153846
1 0.30528846153846156 0.5384615384615384 0.04927884615384615 0.10336538461538461
1 0.3125 0.5360576923076923 0.03485576923076923 0.11899038461538461
1 0.40024038461538464 0.5264423076923077 0.056490384615384616 0.078125
1 0.44711538461538464 0.5288461538461539 0.028846153846153848 0.06610576923076923
1 0.5024038461538461 0.5336538461538461 0.06490384615384616 0.09014423076923077
1 0.5036057692307693 0.5324519230769231 0.0625 0.09975961538461539
1 0.5372596153846154 0.5528846153846154 0.03125 0.15264423076923078
1 0.6382211538461539 0.5516826923076923 0.18509615384615385 0.25721153846153844
1 0.6382211538461539 0.5432692307692307 0.18509615384615385 0.234375