1 0.2668269230769231 0.5324519230769231 0.06610576923076923 0.06610576923076923
1 0.890625 0.5673076923076923 0.21514423076923078 0.20552884615384615
1 0.04807692307692308 0.5420673076923077 0.09615384615384616 0.09014423076923077
1 0.16466346153846154 0.5444711538461539 0.14302884615384615 0.13701923076923078
1 0.35697115384615385 0.5372596153846154 0.12259615384615384 0.06490384615384616
7 0.4230769230769231 0.31971153846153844 0.019230769230769232 0.0625
6 0.4987980769230769 0.3173076923076923 0.02403846153846154 0.06490384615384616
10 0.5240384615384616 0.4855769230769231 0.0625 0.14302884615384615
10 0.5240384615384616 0.4855769230769231 0.06009615384615385 0.13701923076923078
6 0.6442307692307693 0.41466346153846156 0.027644230769230768 0.06971153846153846
1 0.9411057692307693 0.7199519230769231 0.11177884615384616 0.5336538461538461