1 0.12139423076923077 0.5024038461538461 0.06009615384615385 0.06009615384615385
1 0.12259615384615384 0.5024038461538461 0.052884615384615384 0.056490384615384616
1 0.18990384615384615 0.4987980769230769 0.038461538461538464 0.04326923076923077
1 0.3317307692307692 0.5216346153846154 0.12860576923076922 0.16947115384615385
4 0.4026442307692308 0.3786057692307692 0.015625 0.04326923076923077
4 0.40384615384615385 0.38341346153846156 0.015625 0.03125
4 0.43990384615384615 0.39302884615384615 0.015625 0.027644230769230768
4 0.4411057692307692 0.3858173076923077 0.013221153846153846 0.03125
4 0.5300480769230769 0.42788461538461536 0.019230769230769232 0.04447115384615385
4 0.5264423076923077 0.44350961538461536 0.01201923076923077 0.019230769230769232
4 0.5348557692307693 0.43028846153846156 0.013221153846153846 0.02403846153846154
1 0.6153846153846154 0.5120192307692307 0.11177884615384616 0.11177884615384616
1 0.8509615384615384 0.46033653846153844 0.11298076923076923 0.055288461538461536
1 0.8677884615384616 0.47475961538461536 0.12139423076923077 0.06971153846153846