1 0.109375 0.5504807692307693 0.1935096153846154 0.13221153846153846
1 0.13822115384615385 0.5456730769230769 0.13822115384615385 0.11899038461538461
1 0.09975961538461539 0.578125 0.03485576923076923 0.09014423076923077
1 0.23197115384615385 0.5420673076923077 0.03485576923076923 0.07451923076923077
2 0.24879807692307693 0.5480769230769231 0.046875 0.12259615384615384
1 0.33052884615384615 0.5348557692307693 0.052884615384615384 0.06490384615384616
1 0.44350961538461536 0.5240384615384616 0.046875 0.04447115384615385
1 0.4987980769230769 0.5336538461538461 0.055288461538461536 0.14903846153846154
1 0.5865384615384616 0.5600961538461539 0.14302884615384615 0.17548076923076922
1 0.7836538461538461 0.4879807692307692 0.08173076923076923 0.078125
1 0.8185096153846154 0.4879807692307692 0.1466346153846154 0.09735576923076923