2 0.05048076923076923 0.5625 0.02403846153846154 0.1310096153846154
2 0.06009615384615385 0.5600961538461539 0.02403846153846154 0.125
2 0.0733173076923077 0.5588942307692307 0.027644230769230768 0.1310096153846154
1 0.12259615384615384 0.5540865384615384 0.08052884615384616 0.10336538461538461
2 0.11778846153846154 0.5492788461538461 0.037259615384615384 0.1466346153846154
1 0.22716346153846154 0.5492788461538461 0.08052884615384616 0.11899038461538461
1 0.2824519230769231 0.53125 0.02403846153846154 0.04447115384615385
1 0.4014423076923077 0.5132211538461539 0.018028846153846152 0.04326923076923077
1 0.43509615384615385 0.5204326923076923 0.055288461538461536 0.06490384615384616
2 0.43028846153846156 0.5252403846153846 0.021634615384615384 0.12740384615384615
2 0.4362980769230769 0.515625 0.027644230769230768 0.14423076923076922
2 0.46033653846153844 0.5204326923076923 0.019230769230769232 0.15264423076923078
2 0.5528846153846154 0.5084134615384616 0.02403846153846154 0.09615384615384616
2 0.5685096153846154 0.5060096153846154 0.021634615384615384 0.09615384615384616
2 0.5685096153846154 0.5012019230769231 0.013221153846153846 0.08173076923076923
3 0.5817307692307693 0.3088942307692308 0.027644230769230768 0.09375
2 0.5889423076923077 0.4987980769230769 0.02403846153846154 0.10576923076923077
2 0.7427884615384616 0.49399038461538464 0.027644230769230768 0.1310096153846154
1 0.8665865384615384 0.6826923076923077 0.26322115384615385 0.6310096153846154