1 0.02403846153846154 0.46875 0.038461538461538464 0.055288461538461536
1 0.03245192307692308 0.47115384615384615 0.03125 0.056490384615384616
1 0.06129807692307692 0.47475961538461536 0.037259615384615384 0.04326923076923077
1 0.06490384615384616 0.4735576923076923 0.037259615384615384 0.037259615384615384
1 0.10216346153846154 0.47475961538461536 0.056490384615384616 0.055288461538461536
1 0.10216346153846154 0.47596153846153844 0.05048076923076923 0.040865384615384616
1 0.13942307692307693 0.4675480769230769 0.019230769230769232 0.04927884615384615
1 0.1778846153846154 0.4675480769230769 0.05889423076923077 0.06850961538461539
1 0.17908653846153846 0.47115384615384615 0.056490384615384616 0.05889423076923077
1 0.23557692307692307 0.46875 0.046875 0.055288461538461536
1 0.23677884615384615 0.46875 0.037259615384615384 0.04326923076923077
6 0.41225961538461536 0.3125 0.019230769230769232 0.04927884615384615
7 0.41346153846153844 0.3125 0.019230769230769232 0.04447115384615385
1 0.49759615384615385 0.5096153846153846 0.09975961538461539 0.12740384615384615
6 0.5036057692307693 0.31009615384615385 0.025240384615384616 0.04447115384615385
6 0.5060096153846154 0.31009615384615385 0.018028846153846152 0.05048076923076923
6 0.6069711538461539 0.3233173076923077 0.019230769230769232 0.046875
6 0.6057692307692307 0.32572115384615385 0.015625 0.04447115384615385
1 0.6875 0.49158653846153844 0.1466346153846154 0.15384615384615385
6 0.6899038461538461 0.3942307692307692 0.021634615384615384 0.04447115384615385
6 0.6899038461538461 0.3918269230769231 0.018028846153846152 0.05048076923076923
6 0.8401442307692307 0.3125 0.019230769230769232 0.07572115384615384
6 0.8461538461538461 0.3076923076923077 0.019230769230769232 0.06610576923076923