1 0.08052884615384616 0.5709134615384616 0.07451923076923077 0.09014423076923077
1 0.15865384615384615 0.5697115384615384 0.10576923076923077 0.11778846153846154
1 0.24278846153846154 0.5673076923076923 0.13221153846153846 0.12740384615384615
1 0.3485576923076923 0.5492788461538461 0.1346153846153846 0.14302884615384615
1 0.49399038461538464 0.5492788461538461 0.1658653846153846 0.1310096153846154
1 0.6189903846153846 0.5108173076923077 0.12860576923076922 0.125
1 0.7019230769230769 0.5060096153846154 0.06971153846153846 0.09134615384615384
1 0.7836538461538461 0.49759615384615385 0.09975961538461539 0.08413461538461539
1 0.84375 0.49759615384615385 0.04447115384615385 0.06009615384615385
10 0.9387019230769231 0.4735576923076923 0.07572115384615384 0.08653846153846154
1 0.9399038461538461 0.4735576923076923 0.07572115384615384 0.08413461538461539