2 0.4375 0.5240384615384616 0.018028846153846152 0.046875
2 0.47115384615384615 0.5180288461538461 0.015625 0.06009615384615385
2 0.1622596153846154 0.53125 0.028846153846153848 0.09735576923076923
2 0.18870192307692307 0.5300480769230769 0.025240384615384616 0.09735576923076923
2 0.18990384615384615 0.5288461538461539 0.025240384615384616 0.10336538461538461
2 0.23677884615384615 0.5588942307692307 0.040865384615384616 0.1346153846153846
2 0.25240384615384615 0.5540865384615384 0.021634615384615384 0.1310096153846154
1 0.2548076923076923 0.546875 0.025240384615384616 0.12139423076923077
0 0.28846153846153844 0.5228365384615384 0.027644230769230768 0.07211538461538461
1 0.36778846153846156 0.5216346153846154 0.109375 0.06009615384615385
1 0.3713942307692308 0.5228365384615384 0.11177884615384616 0.06850961538461539
1 0.5588942307692307 0.5132211538461539 0.14302884615384615 0.09134615384615384
2 0.515625 0.5492788461538461 0.028846153846153848 0.11778846153846154
2 0.5637019230769231 0.5336538461538461 0.03485576923076923 0.14302884615384615
1 0.6165865384615384 0.5036057692307693 0.09975961538461539 0.07572115384615384
1 0.6598557692307693 0.5012019230769231 0.10576923076923077 0.078125
1 0.6862980769230769 0.49759615384615385 0.052884615384615384 0.078125
2 0.9278846153846154 0.5925480769230769 0.052884615384615384 0.45913461538461536