1 0.11298076923076923 0.4951923076923077 0.03125 0.03365384615384615
1 0.16346153846153846 0.4879807692307692 0.03485576923076923 0.040865384615384616
10 0.24879807692307693 0.49278846153846156 0.09615384615384616 0.1814903846153846
7 0.296875 0.42908653846153844 0.013221153846153846 0.037259615384615384
1 0.32572115384615385 0.4795673076923077 0.019230769230769232 0.04927884615384615
1 0.3545673076923077 0.5072115384615384 0.04927884615384615 0.08774038461538461
1 0.3713942307692308 0.46634615384615385 0.027644230769230768 0.021634615384615384
1 0.41466346153846156 0.5180288461538461 0.09134615384615384 0.14423076923076922
1 0.39302884615384615 0.44471153846153844 0.019230769230769232 0.02403846153846154
1 0.41466346153846156 0.44471153846153844 0.02403846153846154 0.027644230769230768
4 0.42908653846153844 0.3557692307692308 0.013221153846153846 0.046875
4 0.43028846153846156 0.35697115384615385 0.015625 0.04326923076923077
1 0.47716346153846156 0.47475961538461536 0.03125 0.03485576923076923
4 0.5108173076923077 0.41346153846153844 0.015625 0.037259615384615384
1 0.5961538461538461 0.4807692307692308 0.07451923076923077 0.04927884615384615