1 0.0889423076923077 0.5288461538461539 0.17548076923076922 0.17427884615384615
1 0.8701923076923077 0.5649038461538461 0.23798076923076922 0.1971153846153846
1 0.20072115384615385 0.5024038461538461 0.09975961538461539 0.1310096153846154
1 0.20432692307692307 0.5036057692307693 0.09014423076923077 0.12860576923076922
1 0.3317307692307692 0.4891826923076923 0.06009615384615385 0.078125
1 0.3713942307692308 0.49278846153846156 0.03365384615384615 0.052884615384615384
1 0.3762019230769231 0.4963942307692308 0.037259615384615384 0.05048076923076923
1 0.5721153846153846 0.48677884615384615 0.055288461538461536 0.0625
1 0.6177884615384616 0.49278846153846156 0.06971153846153846 0.09014423076923077
1 0.6201923076923077 0.4963942307692308 0.06850961538461539 0.08653846153846154
1 0.7019230769230769 0.5084134615384616 0.14302884615384615 0.1346153846153846
1 0.7079326923076923 0.5108173076923077 0.140625 0.12139423076923077