1 0.046875 0.5336538461538461 0.09375 0.12740384615384615
1 0.11177884615384616 0.5228365384615384 0.03125 0.04447115384615385
1 0.21514423076923078 0.5108173076923077 0.025240384615384616 0.03125
2 0.23677884615384615 0.5192307692307693 0.013221153846153846 0.055288461538461536
1 0.29447115384615385 0.5252403846153846 0.09375 0.11177884615384616
2 0.3161057692307692 0.5372596153846154 0.03485576923076923 0.125
4 0.3918269230769231 0.3233173076923077 0.025240384615384616 0.08413461538461539
2 0.5024038461538461 0.5396634615384616 0.04326923076923077 0.1502403846153846
2 0.6117788461538461 0.5240384615384616 0.040865384615384616 0.15985576923076922
2 0.6682692307692307 0.5024038461538461 0.03485576923076923 0.1310096153846154
2 0.7944711538461539 0.5072115384615384 0.03485576923076923 0.1502403846153846
1 0.9134615384615384 0.5360576923076923 0.16826923076923078 0.15264423076923078
1 0.9146634615384616 0.5432692307692307 0.16346153846153846 0.11778846153846154