1 0.07692307692307693 0.48677884615384615 0.15384615384615385 0.3485576923076923
10 0.17427884615384615 0.41346153846153844 0.2247596153846154 0.2692307692307692
1 0.31490384615384615 0.49399038461538464 0.08413461538461539 0.12860576923076922
6 0.34375 0.3918269230769231 0.019230769230769232 0.03365384615384615
6 0.3449519230769231 0.39663461538461536 0.015625 0.027644230769230768
1 0.3641826923076923 0.5 0.021634615384615384 0.06009615384615385
1 0.38221153846153844 0.4951923076923077 0.025240384615384616 0.06009615384615385
6 0.38100961538461536 0.3870192307692308 0.015625 0.027644230769230768
6 0.3798076923076923 0.39302884615384615 0.013221153846153846 0.028846153846153848
1 0.41225961538461536 0.49759615384615385 0.056490384615384616 0.07211538461538461
6 0.4326923076923077 0.38341346153846156 0.015625 0.03125
6 0.4338942307692308 0.3894230769230769 0.015625 0.028846153846153848
6 0.4675480769230769 0.38341346153846156 0.019230769230769232 0.03485576923076923
1 0.49158653846153844 0.5024038461538461 0.06009615384615385 0.06971153846153846
6 0.4699519230769231 0.3894230769230769 0.013221153846153846 0.03125
6 0.5492788461538461 0.4230769230769231 0.013221153846153846 0.027644230769230768
6 0.6862980769230769 0.3798076923076923 0.02403846153846154 0.037259615384615384
1 0.8076923076923077 0.4735576923076923 0.08173076923076923 0.06971153846153846