1 0.8100961538461539 0.6286057692307693 0.3317307692307692 0.29927884615384615
10 0.04326923076923077 0.5649038461538461 0.08653846153846154 0.2283653846153846
1 0.24759615384615385 0.5504807692307693 0.08173076923076923 0.08774038461538461
1 0.24759615384615385 0.5480769230769231 0.078125 0.08052884615384616
1 0.32091346153846156 0.5408653846153846 0.03485576923076923 0.04447115384615385
1 0.32211538461538464 0.5408653846153846 0.03485576923076923 0.04447115384615385
1 0.3485576923076923 0.5288461538461539 0.025240384615384616 0.028846153846153848
1 0.42788461538461536 0.515625 0.027644230769230768 0.03125
1 0.46033653846153844 0.5036057692307693 0.03485576923076923 0.03125
0 0.45552884615384615 0.5228365384615384 0.013221153846153846 0.055288461538461536
1 0.5528846153846154 0.5168269230769231 0.06490384615384616 0.052884615384615384
1 0.6153846153846154 0.5649038461538461 0.13822115384615385 0.15264423076923078