1 0.09495192307692307 0.5144230769230769 0.03365384615384615 0.03125
1 0.17668269230769232 0.4963942307692308 0.08774038461538461 0.06850961538461539
1 0.3918269230769231 0.4951923076923077 0.046875 0.05048076923076923
1 0.3942307692307692 0.49399038461538464 0.040865384615384616 0.055288461538461536
1 0.42788461538461536 0.49278846153846156 0.03125 0.056490384615384616
1 0.4639423076923077 0.49278846153846156 0.03485576923076923 0.04927884615384615
1 0.5396634615384616 0.4855769230769231 0.05048076923076923 0.05048076923076923
3 0.5697115384615384 0.028846153846153848 0.025240384615384616 0.056490384615384616
3 0.5661057692307693 0.3605769230769231 0.01201923076923077 0.05048076923076923
6 0.6538461538461539 0.3557692307692308 0.013221153846153846 0.038461538461538464
6 0.7259615384615384 0.4014423076923077 0.015625 0.04326923076923077
6 0.7295673076923077 0.40625 0.013221153846153846 0.027644230769230768
6 0.7992788461538461 0.07211538461538461 0.02403846153846154 0.09134615384615384
2 0.8197115384615384 0.47596153846153844 0.03125 0.08774038461538461
2 0.8197115384615384 0.4807692307692308 0.02403846153846154 0.056490384615384616
0 0.9711538461538461 0.49278846153846156 0.027644230769230768 0.10096153846153846
2 0.9759615384615384 0.47716346153846156 0.028846153846153848 0.15384615384615385
2 0.9915865384615384 0.48197115384615385 0.01201923076923077 0.08413461538461539