1 0.10336538461538461 0.5168269230769231 0.20673076923076922 0.1466346153846154
2 0.14543269230769232 0.4579326923076923 0.04447115384615385 0.09615384615384616
6 0.13822115384615385 0.32091346153846156 0.02403846153846154 0.07451923076923077
6 0.140625 0.31971153846153844 0.025240384615384616 0.07451923076923077
1 0.46153846153846156 0.4795673076923077 0.021634615384615384 0.03485576923076923
1 0.4855769230769231 0.47115384615384615 0.021634615384615384 0.03365384615384615
1 0.5384615384615384 0.48197115384615385 0.018028846153846152 0.056490384615384616
1 0.5685096153846154 0.4879807692307692 0.037259615384615384 0.046875
1 0.5709134615384616 0.49158653846153844 0.037259615384615384 0.0625
1 0.609375 0.49158653846153844 0.0625 0.07211538461538461
6 0.6081730769230769 0.28365384615384615 0.018028846153846152 0.07451923076923077
2 0.7728365384615384 0.4651442307692308 0.02403846153846154 0.09975961538461539
2 0.7788461538461539 0.46274038461538464 0.019230769230769232 0.09735576923076923
1 0.9050480769230769 0.4807692307692308 0.18509615384615385 0.1658653846153846
1 0.9086538461538461 0.4831730769230769 0.18028846153846154 0.1658653846153846