1 0.019230769230769232 0.546875 0.038461538461538464 0.18028846153846154
1 0.14783653846153846 0.5180288461538461 0.10576923076923077 0.07451923076923077
1 0.14903846153846154 0.5108173076923077 0.09735576923076923 0.08653846153846154
1 0.21394230769230768 0.5096153846153846 0.040865384615384616 0.03365384615384615
1 0.26322115384615385 0.5072115384615384 0.046875 0.03125
1 0.3016826923076923 0.5036057692307693 0.04326923076923077 0.04447115384615385
1 0.37740384615384615 0.5072115384615384 0.04927884615384615 0.04326923076923077
1 0.4387019230769231 0.5036057692307693 0.027644230769230768 0.04447115384615385
6 0.4362980769230769 0.34615384615384615 0.018028846153846152 0.03485576923076923
1 0.47475961538461536 0.515625 0.052884615384615384 0.078125
6 0.5108173076923077 0.43509615384615385 0.015625 0.040865384615384616
6 0.5132211538461539 0.36177884615384615 0.018028846153846152 0.04326923076923077
1 0.5228365384615384 0.5132211538461539 0.019230769230769232 0.06490384615384616
1 0.5396634615384616 0.5180288461538461 0.018028846153846152 0.055288461538461536
1 0.5697115384615384 0.5192307692307693 0.06009615384615385 0.06971153846153846
6 0.5504807692307693 0.46274038461538464 0.01201923076923077 0.028846153846153848
1 0.5600961538461539 0.5192307692307693 0.025240384615384616 0.06610576923076923
1 0.6153846153846154 0.53125 0.09975961538461539 0.10096153846153846
6 0.5985576923076923 0.44711538461538464 0.015625 0.04326923076923077
6 0.6334134615384616 0.4182692307692308 0.018028846153846152 0.03485576923076923
2 0.8413461538461539 0.5060096153846154 0.025240384615384616 0.08653846153846154
2 0.8413461538461539 0.49759615384615385 0.019230769230769232 0.06971153846153846
2 0.8930288461538461 0.4951923076923077 0.02403846153846154 0.08413461538461539
2 0.8942307692307693 0.5012019230769231 0.021634615384615384 0.078125