1 0.030048076923076924 0.5564903846153846 0.05889423076923077 0.07211538461538461
1 0.1201923076923077 0.5384615384615384 0.04326923076923077 0.04447115384615385
1 0.15504807692307693 0.5456730769230769 0.055288461538461536 0.0625
1 0.22115384615384615 0.5336538461538461 0.037259615384615384 0.05889423076923077
1 0.33052884615384615 0.5252403846153846 0.05048076923076923 0.04326923076923077
1 0.4026442307692308 0.5384615384615384 0.09014423076923077 0.125
1 0.46033653846153844 0.5372596153846154 0.04326923076923077 0.08653846153846154
6 0.4543269230769231 0.45072115384615385 0.009615384615384616 0.028846153846153848
6 0.47716346153846156 0.484375 0.009615384615384616 0.028846153846153848
1 0.5240384615384616 0.5372596153846154 0.04447115384615385 0.06850961538461539
6 0.5072115384615384 0.4699519230769231 0.009615384615384616 0.028846153846153848
1 0.5697115384615384 0.5432692307692307 0.08413461538461539 0.10096153846153846
1 0.6670673076923077 0.5709134615384616 0.13221153846153846 0.15384615384615385
1 0.8798076923076923 0.5180288461538461 0.1310096153846154 0.109375