1 0.7019230769230769 0.5384615384615384 0.1466346153846154 0.12259615384615384
1 0.09134615384615384 0.6274038461538461 0.1814903846153846 0.16947115384615385
1 0.030048076923076924 0.6274038461538461 0.06009615384615385 0.13942307692307693
1 0.20552884615384615 0.609375 0.32572115384615385 0.18990384615384615
1 0.20552884615384615 0.6033653846153846 0.3245192307692308 0.1778846153846154
1 0.33774038461538464 0.5192307692307693 0.08774038461538461 0.06610576923076923
1 0.38822115384615385 0.5240384615384616 0.078125 0.08774038461538461
1 0.4254807692307692 0.5252403846153846 0.08173076923076923 0.09735576923076923
1 0.43509615384615385 0.5288461538461539 0.0625 0.09134615384615384
1 0.5072115384615384 0.5420673076923077 0.09134615384615384 0.08413461538461539
1 0.6153846153846154 0.5324519230769231 0.04326923076923077 0.10096153846153846