1 0.11538461538461539 0.5060096153846154 0.03125 0.03125
6 0.1502403846153846 0.41346153846153844 0.019230769230769232 0.05048076923076923
1 0.17307692307692307 0.5096153846153846 0.037259615384615384 0.037259615384615384
4 0.1971153846153846 0.421875 0.019230769230769232 0.037259615384615384
4 0.265625 0.4651442307692308 0.013221153846153846 0.038461538461538464
1 0.3016826923076923 0.4963942307692308 0.037259615384615384 0.06490384615384616
1 0.33052884615384615 0.5084134615384616 0.038461538461538464 0.07451923076923077
1 0.33052884615384615 0.49278846153846156 0.03485576923076923 0.05048076923076923
1 0.3713942307692308 0.5 0.05048076923076923 0.07451923076923077
4 0.45552884615384615 0.44471153846153844 0.019230769230769232 0.038461538461538464
4 0.4567307692307692 0.43990384615384615 0.01201923076923077 0.028846153846153848
1 0.5180288461538461 0.5024038461538461 0.06850961538461539 0.09615384615384616
1 0.5805288461538461 0.5180288461538461 0.04927884615384615 0.08653846153846154
1 0.5853365384615384 0.5168269230769231 0.056490384615384616 0.09375
1 0.6382211538461539 0.53125 0.07451923076923077 0.11778846153846154
1 0.6358173076923077 0.5288461538461539 0.056490384615384616 0.1466346153846154
1 0.7235576923076923 0.5516826923076923 0.1622596153846154 0.1502403846153846
1 0.7307692307692307 0.5673076923076923 0.15625 0.1875
1 0.8353365384615384 0.4795673076923077 0.12740384615384615 0.08653846153846154