1 0.8677884615384616 0.6742788461538461 0.2620192307692308 0.6466346153846154
1 0.15745192307692307 0.5480769230769231 0.052884615384615384 0.0625
1 0.20552884615384615 0.5444711538461539 0.046875 0.055288461538461536
2 0.20673076923076922 0.5480769230769231 0.015625 0.08052884615384616
1 0.36177884615384615 0.5396634615384616 0.03365384615384615 0.040865384615384616
1 0.38461538461538464 0.5264423076923077 0.028846153846153848 0.037259615384615384
1 0.49399038461538464 0.5372596153846154 0.038461538461538464 0.078125
1 0.5360576923076923 0.5576923076923077 0.078125 0.11177884615384616
1 0.6021634615384616 0.5805288461538461 0.11177884615384616 0.1778846153846154
1 0.5913461538461539 0.5817307692307693 0.08052884615384616 0.15625
1 0.6862980769230769 0.6105769230769231 0.2091346153846154 0.2439903846153846