1 0.14182692307692307 0.4879807692307692 0.2091346153846154 0.21634615384615385
1 0.2668269230769231 0.5288461538461539 0.06610576923076923 0.09615384615384616
1 0.30649038461538464 0.5 0.046875 0.08774038461538461
6 0.3076923076923077 0.3737980769230769 0.019230769230769232 0.03125
1 0.3713942307692308 0.5204326923076923 0.11177884615384616 0.12259615384615384
6 0.35697115384615385 0.3701923076923077 0.015625 0.027644230769230768
6 0.4230769230769231 0.3701923076923077 0.015625 0.03125
1 0.5060096153846154 0.5408653846153846 0.11899038461538461 0.15264423076923078
6 0.47115384615384615 0.37259615384615385 0.019230769230769232 0.037259615384615384
6 0.5721153846153846 0.4230769230769231 0.018028846153846152 0.025240384615384616
1 0.6177884615384616 0.4963942307692308 0.07572115384615384 0.052884615384615384
1 0.765625 0.484375 0.09615384615384616 0.06610576923076923
6 0.8257211538461539 0.3088942307692308 0.02403846153846154 0.037259615384615384