1 0.030048076923076924 0.5420673076923077 0.06009615384615385 0.09375
1 0.09495192307692307 0.5444711538461539 0.06490384615384616 0.06971153846153846
1 0.1346153846153846 0.5348557692307693 0.027644230769230768 0.06009615384615385
1 0.20793269230769232 0.5264423076923077 0.05048076923076923 0.04326923076923077
1 0.39903846153846156 0.5336538461538461 0.11899038461538461 0.1310096153846154
1 0.4411057692307692 0.53125 0.02403846153846154 0.06971153846153846
1 0.44471153846153844 0.5360576923076923 0.025240384615384616 0.07451923076923077
1 0.5288461538461539 0.5396634615384616 0.03365384615384615 0.08413461538461539
1 0.5853365384615384 0.5396634615384616 0.09375 0.12740384615384615
1 0.5600961538461539 0.5444711538461539 0.040865384615384616 0.11899038461538461
1 0.6430288461538461 0.5661057692307693 0.12139423076923077 0.13221153846153846