1 0.45552884615384615 0.45552884615384615 0.05048076923076923 0.03365384615384615
1 0.4987980769230769 0.47115384615384615 0.05048076923076923 0.04447115384615385
1 0.4987980769230769 0.47115384615384615 0.04927884615384615 0.04326923076923077
7 0.5649038461538461 0.24759615384615385 0.02403846153846154 0.0625
7 0.5649038461538461 0.23677884615384615 0.018028846153846152 0.052884615384615384
1 0.5961538461538461 0.47596153846153844 0.05048076923076923 0.04447115384615385
1 0.5949519230769231 0.47596153846153844 0.046875 0.04447115384615385
4 0.6730769230769231 0.2644230769230769 0.018028846153846152 0.04326923076923077
4 0.6742788461538461 0.2512019230769231 0.018028846153846152 0.06850961538461539
4 0.9507211538461539 0.37740384615384615 0.019230769230769232 0.03365384615384615
4 0.9507211538461539 0.36538461538461536 0.019230769230769232 0.04326923076923077