1 0.14903846153846154 0.6526442307692307 0.296875 0.42788461538461536
1 0.27524038461538464 0.5324519230769231 0.03365384615384615 0.08653846153846154
1 0.2824519230769231 0.5288461538461539 0.03125 0.06610576923076923
1 0.30528846153846156 0.5180288461538461 0.03125 0.06610576923076923
1 0.4338942307692308 0.515625 0.046875 0.05889423076923077
3 0.5817307692307693 0.3161057692307692 0.027644230769230768 0.09735576923076923
2 0.5949519230769231 0.5048076923076923 0.025240384615384616 0.11177884615384616
2 0.5949519230769231 0.5096153846153846 0.021634615384615384 0.11778846153846154
2 0.6225961538461539 0.5072115384615384 0.03125 0.10096153846153846
2 0.6262019230769231 0.5012019230769231 0.021634615384615384 0.10576923076923077
1 0.8942307692307693 0.5024038461538461 0.2091346153846154 0.23677884615384615