1 0.15504807692307693 0.5625 0.11538461538461539 0.11899038461538461
0 0.010817307692307692 0.5817307692307693 0.021634615384615384 0.12259615384615384
0 0.23918269230769232 0.546875 0.019230769230769232 0.05048076923076923
0 0.2548076923076923 0.5444711538461539 0.015625 0.038461538461538464
1 0.296875 0.5492788461538461 0.028846153846153848 0.037259615384615384
1 0.31009615384615385 0.5444711538461539 0.015625 0.038461538461538464
1 0.31971153846153844 0.5516826923076923 0.009615384615384616 0.027644230769230768
1 0.3858173076923077 0.5408653846153846 0.03485576923076923 0.05048076923076923
0 0.45552884615384615 0.5396634615384616 0.01201923076923077 0.04326923076923077
2 0.5805288461538461 0.5384615384615384 0.01201923076923077 0.055288461538461536
1 0.8605769230769231 0.5204326923076923 0.09615384615384616 0.040865384615384616