1 0.04567307692307692 0.5685096153846154 0.09014423076923077 0.18990384615384615
1 0.11899038461538461 0.5661057692307693 0.078125 0.12259615384615384
1 0.12139423076923077 0.5600961538461539 0.078125 0.08774038461538461
1 0.1778846153846154 0.5336538461538461 0.056490384615384616 0.04326923076923077
1 0.17307692307692307 0.53125 0.04447115384615385 0.055288461538461536
1 0.2692307692307692 0.5252403846153846 0.07572115384615384 0.06009615384615385
1 0.2764423076923077 0.5228365384615384 0.07211538461538461 0.052884615384615384
1 0.47115384615384615 0.5084134615384616 0.03485576923076923 0.052884615384615384
1 0.5504807692307693 0.5240384615384616 0.08173076923076923 0.08052884615384616
1 0.7463942307692307 0.578125 0.1778846153846154 0.1778846153846154
1 0.7512019230769231 0.5745192307692307 0.17427884615384615 0.1814903846153846