1 0.9519230769230769 0.49399038461538464 0.09375 0.055288461538461536
3 0.06370192307692307 0.06850961538461539 0.08413461538461539 0.1310096153846154
1 0.18870192307692307 0.5360576923076923 0.1502403846153846 0.09975961538461539
1 0.21033653846153846 0.515625 0.06850961538461539 0.08173076923076923
1 0.3016826923076923 0.5132211538461539 0.09375 0.10576923076923077
1 0.4639423076923077 0.5024038461538461 0.10697115384615384 0.056490384615384616
1 0.4735576923076923 0.49399038461538464 0.04326923076923077 0.052884615384615384
3 0.5721153846153846 0.028846153846153848 0.028846153846153848 0.055288461538461536
6 0.5649038461538461 0.3629807692307692 0.015625 0.046875
1 0.5961538461538461 0.49158653846153844 0.0625 0.056490384615384616
6 0.6538461538461539 0.3581730769230769 0.018028846153846152 0.05048076923076923
6 0.6526442307692307 0.35697115384615385 0.009615384615384616 0.038461538461538464
6 0.7283653846153846 0.41947115384615385 0.013221153846153846 0.04927884615384615
6 0.8004807692307693 0.07572115384615384 0.028846153846153848 0.09375
1 0.8209134615384616 0.49038461538461536 0.052884615384615384 0.04326923076923077
1 0.8617788461538461 0.4891826923076923 0.07211538461538461 0.055288461538461536
1 0.9206730769230769 0.48677884615384615 0.10336538461538461 0.056490384615384616