1 0.6201923076923077 0.5060096153846154 0.06610576923076923 0.04447115384615385
1 0.13822115384615385 0.515625 0.09014423076923077 0.04326923076923077
1 0.26322115384615385 0.5276442307692307 0.078125 0.109375
1 0.3088942307692308 0.5108173076923077 0.046875 0.05889423076923077
1 0.3088942307692308 0.5072115384615384 0.04326923076923077 0.055288461538461536
1 0.38341346153846156 0.5360576923076923 0.14302884615384615 0.19471153846153846
6 0.42427884615384615 0.41346153846153844 0.01201923076923077 0.03485576923076923
6 0.44711538461538464 0.4375 0.013221153846153846 0.03485576923076923
0 0.5 0.5132211538461539 0.018028846153846152 0.078125
6 0.4987980769230769 0.4338942307692308 0.01201923076923077 0.03125
6 0.5805288461538461 0.36899038461538464 0.019230769230769232 0.052884615384615384
6 0.5817307692307693 0.3701923076923077 0.018028846153846152 0.046875