2 0.9471153846153846 0.5600961538461539 0.04326923076923077 0.1622596153846154
0 0.9158653846153846 0.5600961538461539 0.06490384615384616 0.21514423076923078
1 0.06490384615384616 0.5769230769230769 0.09975961538461539 0.09615384615384616
1 0.15384615384615385 0.5769230769230769 0.08413461538461539 0.08173076923076923
10 0.21033653846153846 0.5252403846153846 0.08653846153846154 0.12259615384615384
3 0.21153846153846154 0.22115384615384615 0.028846153846153848 0.09014423076923077
5 0.2091346153846154 0.21875 0.025240384615384616 0.08052884615384616
1 0.25961538461538464 0.5661057692307693 0.018028846153846152 0.04326923076923077
1 0.31971153846153844 0.5649038461538461 0.06490384615384616 0.08774038461538461
3 0.36177884615384615 0.23076923076923078 0.028846153846153848 0.08774038461538461
4 0.3629807692307692 0.23197115384615385 0.025240384615384616 0.08653846153846154
1 0.39903846153846156 0.5745192307692307 0.09014423076923077 0.11899038461538461
2 0.47596153846153844 0.5456730769230769 0.025240384615384616 0.07572115384615384
2 0.47475961538461536 0.5456730769230769 0.018028846153846152 0.055288461538461536
2 0.5721153846153846 0.5336538461538461 0.013221153846153846 0.05048076923076923
3 0.5949519230769231 0.39903846153846156 0.02403846153846154 0.08653846153846154
2 0.6887019230769231 0.5600961538461539 0.025240384615384616 0.11899038461538461
2 0.7211538461538461 0.5540865384615384 0.025240384615384616 0.12740384615384615
2 0.7512019230769231 0.5516826923076923 0.03125 0.1310096153846154
2 0.8629807692307693 0.5552884615384616 0.03125 0.15384615384615385