10 0.06370192307692307 0.5084134615384616 0.125 0.08052884615384616
2 0.10697115384615384 0.5288461538461539 0.021634615384615384 0.08413461538461539
2 0.11057692307692307 0.5252403846153846 0.027644230769230768 0.078125
2 0.18389423076923078 0.5192307692307693 0.021634615384615384 0.08052884615384616
6 0.3581730769230769 0.17908653846153846 0.025240384615384616 0.08653846153846154
6 0.6009615384615384 0.3389423076923077 0.028846153846153848 0.08774038461538461
6 0.6033653846153846 0.33653846153846156 0.018028846153846152 0.06490384615384616
1 0.6430288461538461 0.5072115384615384 0.08774038461538461 0.06009615384615385
2 0.6394230769230769 0.5084134615384616 0.027644230769230768 0.11177884615384616
2 0.6802884615384616 0.49759615384615385 0.018028846153846152 0.08653846153846154
2 0.7139423076923077 0.5120192307692307 0.028846153846153848 0.10336538461538461
2 0.8064903846153846 0.5192307692307693 0.04927884615384615 0.1778846153846154
2 0.8076923076923077 0.5252403846153846 0.03485576923076923 0.1778846153846154
2 0.9230769230769231 0.5144230769230769 0.04326923076923077 0.19471153846153846