1 0.08653846153846154 0.5540865384615384 0.055288461538461536 0.08173076923076923
1 0.14423076923076922 0.5444711538461539 0.08052884615384616 0.08413461538461539
1 0.20432692307692307 0.5504807692307693 0.04447115384615385 0.06850961538461539
1 0.2644230769230769 0.5480769230769231 0.10096153846153846 0.1310096153846154
3 0.265625 0.27163461538461536 0.025240384615384616 0.06610576923076923
1 0.3918269230769231 0.5769230769230769 0.15264423076923078 0.18509615384615385
3 0.3858173076923077 0.28125 0.02403846153846154 0.07451923076923077
2 0.48197115384615385 0.53125 0.02403846153846154 0.06610576923076923
3 0.5709134615384616 0.41466346153846156 0.027644230769230768 0.08052884615384616
2 0.6117788461538461 0.5408653846153846 0.021634615384615384 0.08774038461538461
2 0.6322115384615384 0.5396634615384616 0.019230769230769232 0.09975961538461539
2 0.6466346153846154 0.5336538461538461 0.018028846153846152 0.09615384615384616
2 0.6586538461538461 0.5396634615384616 0.03125 0.10697115384615384
0 0.6862980769230769 0.5372596153846154 0.03365384615384615 0.11538461538461539
2 0.7211538461538461 0.5384615384615384 0.027644230769230768 0.10576923076923077
0 0.7475961538461539 0.53125 0.040865384615384616 0.1466346153846154
2 0.8569711538461539 0.5240384615384616 0.028846153846153848 0.09735576923076923
1 0.9747596153846154 0.5492788461538461 0.04447115384615385 0.08413461538461539