1 0.12620192307692307 0.4951923076923077 0.25240384615384615 0.6778846153846154
10 0.12740384615384615 0.484375 0.25 0.6189903846153846
1 0.33052884615384615 0.49759615384615385 0.05048076923076923 0.06610576923076923
1 0.4963942307692308 0.6262019230769231 0.3317307692307692 0.43149038461538464
7 0.35096153846153844 0.3004807692307692 0.019230769230769232 0.07211538461538461
6 0.4735576923076923 0.2403846153846154 0.021634615384615384 0.06610576923076923
0 0.6538461538461539 0.49278846153846156 0.037259615384615384 0.08774038461538461
6 0.6478365384615384 0.3701923076923077 0.019230769230769232 0.046875
1 0.7403846153846154 0.4891826923076923 0.08653846153846154 0.05889423076923077
1 0.8581730769230769 0.5901442307692307 0.27884615384615385 0.3473557692307692
6 0.9867788461538461 0.23076923076923078 0.025240384615384616 0.09975961538461539