1 0.7944711538461539 0.5600961538461539 0.16947115384615385 0.26322115384615385
1 0.9110576923076923 0.6310096153846154 0.17427884615384615 0.4567307692307692
1 0.24278846153846154 0.4855769230769231 0.05048076923076923 0.05048076923076923
1 0.28365384615384615 0.5024038461538461 0.06850961538461539 0.05889423076923077
1 0.34975961538461536 0.49759615384615385 0.027644230769230768 0.03125
1 0.39783653846153844 0.5024038461538461 0.08173076923076923 0.12139423076923077
1 0.46153846153846156 0.49278846153846156 0.03485576923076923 0.052884615384615384
1 0.5072115384615384 0.4855769230769231 0.021634615384615384 0.03125
1 0.5612980769230769 0.49759615384615385 0.04326923076923077 0.06009615384615385
1 0.6322115384615384 0.5096153846153846 0.06490384615384616 0.1466346153846154
1 0.6850961538461539 0.5252403846153846 0.08052884615384616 0.20673076923076922