1 0.9543269230769231 0.5180288461538461 0.08774038461538461 0.06971153846153846
1 0.22716346153846154 0.5432692307692307 0.05048076923076923 0.0625
1 0.2283653846153846 0.5432692307692307 0.05048076923076923 0.05889423076923077
1 0.30408653846153844 0.5360576923076923 0.052884615384615384 0.055288461538461536
1 0.30528846153846156 0.5372596153846154 0.040865384615384616 0.04927884615384615
1 0.33774038461538464 0.53125 0.03125 0.04326923076923077
1 0.33774038461538464 0.5300480769230769 0.02403846153846154 0.03125
6 0.3870192307692308 0.44591346153846156 0.009615384615384616 0.03125
1 0.4326923076923077 0.5180288461538461 0.03365384615384615 0.03485576923076923
6 0.4230769230769231 0.4519230769230769 0.01201923076923077 0.03485576923076923
6 0.4855769230769231 0.46875 0.019230769230769232 0.037259615384615384
1 0.7764423076923077 0.5072115384615384 0.07211538461538461 0.046875