2 0.013221153846153846 0.5492788461538461 0.025240384615384616 0.10576923076923077
1 0.30408653846153844 0.65625 0.32211538461538464 0.375
1 0.20552884615384615 0.5432692307692307 0.06009615384615385 0.09014423076923077
4 0.24879807692307693 0.43028846153846156 0.018028846153846152 0.05048076923076923
1 0.45552884615384615 0.5396634615384616 0.11177884615384616 0.18028846153846154
1 0.5252403846153846 0.5180288461538461 0.06490384615384616 0.08653846153846154
1 0.5288461538461539 0.5192307692307693 0.05889423076923077 0.06610576923076923
4 0.5168269230769231 0.40625 0.019230769230769232 0.05889423076923077
2 0.5637019230769231 0.5276442307692307 0.028846153846153848 0.125
2 0.5757211538461539 0.5276442307692307 0.015625 0.12860576923076922
2 0.5829326923076923 0.5084134615384616 0.021634615384615384 0.06971153846153846
2 0.5949519230769231 0.5180288461538461 0.028846153846153848 0.11298076923076923
2 0.6117788461538461 0.5024038461538461 0.018028846153846152 0.078125
2 0.6358173076923077 0.5192307692307693 0.025240384615384616 0.109375
2 0.7127403846153846 0.49399038461538464 0.015625 0.06610576923076923
2 0.7451923076923077 0.5024038461538461 0.04447115384615385 0.07451923076923077
1 0.8942307692307693 0.6021634615384616 0.2091346153846154 0.5252403846153846