1 0.9350961538461539 0.4951923076923077 0.12740384615384615 0.06971153846153846
1 0.08173076923076923 0.5504807692307693 0.16346153846153846 0.2932692307692308
1 0.1814903846153846 0.5408653846153846 0.027644230769230768 0.05048076923076923
1 0.21153846153846154 0.5336538461538461 0.052884615384615384 0.06610576923076923
1 0.21153846153846154 0.5360576923076923 0.05048076923076923 0.078125
10 0.2980769230769231 0.4963942307692308 0.07451923076923077 0.1310096153846154
1 0.3293269230769231 0.5444711538461539 0.05889423076923077 0.07572115384615384
1 0.38822115384615385 0.5324519230769231 0.08173076923076923 0.09615384615384616
2 0.5192307692307693 0.5048076923076923 0.021634615384615384 0.08653846153846154
2 0.5192307692307693 0.5132211538461539 0.021634615384615384 0.08173076923076923
2 0.5949519230769231 0.5096153846153846 0.025240384615384616 0.06971153846153846