1 0.046875 0.5817307692307693 0.09375 0.09975961538461539
1 0.1935096153846154 0.5649038461538461 0.078125 0.08653846153846154
1 0.19471153846153846 0.5709134615384616 0.06490384615384616 0.07451923076923077
1 0.2512019230769231 0.5600961538461539 0.04326923076923077 0.06610576923076923
1 0.29447115384615385 0.5492788461538461 0.07211538461538461 0.09014423076923077
1 0.2980769230769231 0.5540865384615384 0.05889423076923077 0.08413461538461539
1 0.34975961538461536 0.546875 0.019230769230769232 0.027644230769230768
10 0.36899038461538464 0.5336538461538461 0.02403846153846154 0.03485576923076923
1 0.4230769230769231 0.5793269230769231 0.12259615384615384 0.1622596153846154
2 0.6838942307692307 0.48197115384615385 0.015625 0.056490384615384616
2 0.6838942307692307 0.4855769230769231 0.015625 0.052884615384615384