1 0.36658653846153844 0.5240384615384616 0.10336538461538461 0.14302884615384615
6 0.31971153846153844 0.47475961538461536 0.01201923076923077 0.037259615384615384
1 0.41947115384615385 0.5252403846153846 0.02403846153846154 0.09735576923076923
1 0.44711538461538464 0.5060096153846154 0.037259615384615384 0.040865384615384616
1 0.4855769230769231 0.5084134615384616 0.037259615384615384 0.038461538461538464
1 0.48197115384615385 0.5036057692307693 0.02403846153846154 0.03485576923076923
1 0.5276442307692307 0.5036057692307693 0.04326923076923077 0.0625
4 0.5228365384615384 0.38221153846153844 0.013221153846153846 0.04326923076923077
4 0.5252403846153846 0.3894230769230769 0.01201923076923077 0.03485576923076923
4 0.5985576923076923 0.45072115384615385 0.013221153846153846 0.037259615384615384
4 0.6009615384615384 0.46274038461538464 0.01201923076923077 0.03365384615384615
4 0.7379807692307693 0.4074519230769231 0.013221153846153846 0.03125
4 0.7427884615384616 0.4182692307692308 0.01201923076923077 0.03365384615384615
1 0.8185096153846154 0.4879807692307692 0.10096153846153846 0.06009615384615385
1 0.8185096153846154 0.48677884615384615 0.08774038461538461 0.038461538461538464
1 0.9050480769230769 0.49038461538461536 0.052884615384615384 0.028846153846153848