2 0.20552884615384615 0.49038461538461536 0.02403846153846154 0.07451923076923077
2 0.20552884615384615 0.47475961538461536 0.015625 0.05889423076923077
1 0.234375 0.4855769230769231 0.06009615384615385 0.037259615384615384
1 0.3016826923076923 0.47475961538461536 0.07211538461538461 0.04927884615384615
1 0.3004807692307692 0.47836538461538464 0.0625 0.037259615384615384
2 0.29927884615384615 0.4807692307692308 0.018028846153846152 0.06009615384615385
1 0.29927884615384615 0.47596153846153844 0.009615384615384616 0.04326923076923077
7 0.6899038461538461 0.3641826923076923 0.013221153846153846 0.03125
4 0.7403846153846154 0.3762019230769231 0.013221153846153846 0.03125
4 0.8689903846153846 0.39663461538461536 0.021634615384615384 0.052884615384615384
4 0.8677884615384616 0.40865384615384615 0.018028846153846152 0.03365384615384615