1 0.9074519230769231 0.5997596153846154 0.18389423076923078 0.44471153846153844
1 0.04927884615384615 0.5733173076923077 0.07572115384615384 0.08413461538461539
1 0.20192307692307693 0.5552884615384616 0.046875 0.040865384615384616
1 0.3425480769230769 0.5540865384615384 0.109375 0.15384615384615385
1 0.43028846153846156 0.5432692307692307 0.05889423076923077 0.08774038461538461
1 0.45072115384615385 0.5516826923076923 0.037259615384615384 0.06971153846153846
1 0.4879807692307692 0.5588942307692307 0.06490384615384616 0.10336538461538461
1 0.5336538461538461 0.5552884615384616 0.06009615384615385 0.10697115384615384
1 0.5841346153846154 0.5360576923076923 0.04927884615384615 0.15865384615384615
1 0.6634615384615384 0.5576923076923077 0.11778846153846154 0.18509615384615385
1 0.7680288461538461 0.578125 0.21153846153846154 0.2439903846153846