2 0.1502403846153846 0.5264423076923077 0.052884615384615384 0.08052884615384616
2 0.15384615384615385 0.515625 0.02403846153846154 0.06610576923076923
2 0.18028846153846154 0.5276442307692307 0.018028846153846152 0.07211538461538461
2 0.19471153846153846 0.5288461538461539 0.013221153846153846 0.06850961538461539
2 0.21153846153846154 0.5264423076923077 0.019230769230769232 0.06610576923076923
4 0.23677884615384615 0.41466346153846156 0.018028846153846152 0.05048076923076923
1 0.2692307692307692 0.5252403846153846 0.078125 0.08774038461538461
1 0.3870192307692308 0.6009615384615384 0.2127403846153846 0.2439903846153846
1 0.46634615384615385 0.5444711538461539 0.11298076923076923 0.1778846153846154
4 0.5240384615384616 0.39903846153846156 0.019230769230769232 0.05889423076923077
1 0.609375 0.5192307692307693 0.14903846153846154 0.10697115384615384
2 0.5805288461538461 0.5336538461538461 0.028846153846153848 0.125
2 0.5961538461538461 0.53125 0.018028846153846152 0.15985576923076922
2 0.6129807692307693 0.5228365384615384 0.03365384615384615 0.12860576923076922
2 0.6646634615384616 0.5120192307692307 0.025240384615384616 0.09735576923076923
2 0.8209134615384616 0.49759615384615385 0.052884615384615384 0.08052884615384616