2 0.5228365384615384 0.5288461538461539 0.018028846153846152 0.04927884615384615
2 0.5132211538461539 0.5300480769230769 0.009615384615384616 0.03365384615384615
2 0.49278846153846156 0.5324519230769231 0.01201923076923077 0.040865384615384616
2 0.48677884615384615 0.5372596153846154 0.006009615384615385 0.021634615384615384
2 0.4675480769230769 0.5288461538461539 0.013221153846153846 0.04927884615384615
1 0.26802884615384615 0.5384615384615384 0.028846153846153848 0.028846153846153848
1 0.07572115384615384 0.5661057692307693 0.09134615384615384 0.08774038461538461
1 0.18509615384615385 0.5709134615384616 0.1622596153846154 0.15384615384615385
1 0.3076923076923077 0.5360576923076923 0.04326923076923077 0.052884615384615384
2 0.5733173076923077 0.5228365384615384 0.021634615384615384 0.07211538461538461
2 0.5997596153846154 0.5228365384615384 0.019230769230769232 0.07572115384615384
2 0.6009615384615384 0.5180288461538461 0.02403846153846154 0.06610576923076923