0 0.38822115384615385 0.4807692307692308 0.007211538461538462 0.028846153846153848
1 0.23557692307692307 0.47475961538461536 0.056490384615384616 0.03485576923076923
1 0.4098557692307692 0.4735576923076923 0.027644230769230768 0.037259615384615384
1 0.4266826923076923 0.4807692307692308 0.015625 0.03125
1 0.44591346153846156 0.484375 0.021634615384615384 0.04326923076923077
6 0.5084134615384616 0.40024038461538464 0.01201923076923077 0.03125
6 0.5444711538461539 0.40384615384615385 0.01201923076923077 0.03125
6 0.6105769230769231 0.4375 0.009615384615384616 0.028846153846153848
6 0.6274038461538461 0.4206730769230769 0.013221153846153846 0.025240384615384616
6 0.6274038461538461 0.43149038461538464 0.015625 0.040865384615384616
1 0.6730769230769231 0.484375 0.04447115384615385 0.03125