2 0.10336538461538461 0.515625 0.06610576923076923 0.23197115384615385
10 0.17668269230769232 0.28966346153846156 0.35336538461538464 0.5564903846153846
10 0.22956730769230768 0.5036057692307693 0.20072115384615385 0.16826923076923078
2 0.25240384615384615 0.5132211538461539 0.04447115384615385 0.14903846153846154
2 0.25600961538461536 0.515625 0.03125 0.125
1 0.43990384615384615 0.5084134615384616 0.05048076923076923 0.07211538461538461
3 0.5024038461538461 0.4230769230769231 0.019230769230769232 0.046875
1 0.5444711538461539 0.5108173076923077 0.09375 0.12860576923076922
1 0.6105769230769231 0.5252403846153846 0.025240384615384616 0.078125
1 0.6177884615384616 0.5216346153846154 0.037259615384615384 0.06610576923076923
1 0.6670673076923077 0.5252403846153846 0.09375 0.09375
1 0.6694711538461539 0.5288461538461539 0.09735576923076923 0.12740384615384615