1 0.06490384615384616 0.6153846153846154 0.12860576923076922 0.2403846153846154
1 0.4050480769230769 0.5480769230769231 0.055288461538461536 0.05889423076923077
1 0.45072115384615385 0.5444711538461539 0.037259615384615384 0.038461538461538464
1 0.47115384615384615 0.5372596153846154 0.02403846153846154 0.046875
0 0.5480769230769231 0.5372596153846154 0.025240384615384616 0.07572115384615384
1 0.5925480769230769 0.5432692307692307 0.052884615384615384 0.06490384615384616
1 0.6862980769230769 0.5853365384615384 0.056490384615384616 0.18389423076923078
1 0.6911057692307693 0.5769230769230769 0.06490384615384616 0.16346153846153846
1 0.7716346153846154 0.5913461538461539 0.1622596153846154 0.22235576923076922
1 0.7728365384615384 0.5889423076923077 0.14903846153846154 0.20552884615384615
1 0.921875 0.5288461538461539 0.06850961538461539 0.07211538461538461