1 0.13341346153846154 0.609375 0.14903846153846154 0.15264423076923078
2 0.13341346153846154 0.59375 0.07572115384615384 0.2283653846153846
2 0.14903846153846154 0.6021634615384616 0.040865384615384616 0.20072115384615385
1 0.2283653846153846 0.5805288461538461 0.04326923076923077 0.13822115384615385
1 0.2536057692307692 0.5697115384615384 0.025240384615384616 0.052884615384615384
1 0.2848557692307692 0.5612980769230769 0.019230769230769232 0.037259615384615384
1 0.33774038461538464 0.5552884615384616 0.03365384615384615 0.040865384615384616
1 0.3389423076923077 0.5552884615384616 0.027644230769230768 0.038461538461538464
1 0.41225961538461536 0.5480769230769231 0.025240384615384616 0.06610576923076923
1 0.47596153846153844 0.5649038461538461 0.09014423076923077 0.1310096153846154
2 0.7860576923076923 0.44711538461538464 0.02403846153846154 0.025240384615384616
2 0.7884615384615384 0.453125 0.021634615384615384 0.027644230769230768