1 0.18870192307692307 0.5204326923076923 0.04927884615384615 0.09134615384615384
1 0.26802884615384615 0.5240384615384616 0.15625 0.14302884615384615
1 0.35096153846153844 0.4831730769230769 0.03485576923076923 0.06009615384615385
4 0.39302884615384615 0.43990384615384615 0.013221153846153846 0.03125
4 0.39663461538461536 0.4387019230769231 0.015625 0.03365384615384615
1 0.43990384615384615 0.4735576923076923 0.025240384615384616 0.04326923076923077
1 0.5024038461538461 0.5024038461538461 0.12740384615384615 0.18028846153846154
4 0.5060096153846154 0.3942307692307692 0.019230769230769232 0.03125
4 0.5084134615384616 0.3894230769230769 0.013221153846153846 0.03125
4 0.5576923076923077 0.43509615384615385 0.018028846153846152 0.027644230769230768
4 0.5564903846153846 0.4362980769230769 0.01201923076923077 0.03125
1 0.5685096153846154 0.4855769230769231 0.03125 0.07211538461538461
4 0.5697115384615384 0.41947115384615385 0.018028846153846152 0.038461538461538464
4 0.5685096153846154 0.42908653846153844 0.009615384615384616 0.025240384615384616
1 0.6382211538461539 0.4987980769230769 0.09615384615384616 0.11177884615384616
1 0.8040865384615384 0.5625 0.27163461538461536 0.27524038461538464