1 0.06971153846153846 0.5540865384615384 0.13822115384615385 0.1814903846153846
1 0.2980769230769231 0.5036057692307693 0.08774038461538461 0.10096153846153846
1 0.29927884615384615 0.5084134615384616 0.07451923076923077 0.08653846153846154
1 0.3449519230769231 0.4951923076923077 0.038461538461538464 0.10336538461538461
1 0.34975961538461536 0.49278846153846156 0.03125 0.09975961538461539
1 0.46153846153846156 0.4963942307692308 0.04326923076923077 0.05048076923076923
1 0.5 0.49158653846153844 0.040865384615384616 0.04927884615384615
1 0.5985576923076923 0.48677884615384615 0.03485576923076923 0.05048076923076923
1 0.6262019230769231 0.5024038461538461 0.06850961538461539 0.07451923076923077
1 0.6274038461538461 0.5084134615384616 0.056490384615384616 0.10576923076923077
1 0.6814903846153846 0.5252403846153846 0.06971153846153846 0.12259615384615384
1 0.7872596153846154 0.5492788461538461 0.18389423076923078 0.16826923076923078