2 0.04807692307692308 0.39903846153846156 0.09615384615384616 0.3786057692307692
3 0.06370192307692307 0.06850961538461539 0.08413461538461539 0.1310096153846154
1 0.2247596153846154 0.5276442307692307 0.12740384615384615 0.10096153846153846
1 0.21033653846153846 0.515625 0.06610576923076923 0.08173076923076923
1 0.31490384615384615 0.5228365384615384 0.09134615384615384 0.10576923076923077
1 0.4735576923076923 0.49399038461538464 0.040865384615384616 0.05048076923076923
1 0.47475961538461536 0.4951923076923077 0.027644230769230768 0.037259615384615384
1 0.5264423076923077 0.49158653846153844 0.07572115384615384 0.05889423076923077
3 0.5721153846153846 0.028846153846153848 0.027644230769230768 0.052884615384615384
6 0.5649038461538461 0.3629807692307692 0.013221153846153846 0.04326923076923077
1 0.6790865384615384 0.49399038461538464 0.11538461538461539 0.06490384615384616
6 0.6538461538461539 0.3581730769230769 0.018028846153846152 0.05048076923076923
6 0.6526442307692307 0.35697115384615385 0.009615384615384616 0.038461538461538464
6 0.7283653846153846 0.41947115384615385 0.013221153846153846 0.04927884615384615
6 0.8004807692307693 0.07572115384615384 0.028846153846153848 0.09134615384615384
1 0.8774038461538461 0.5012019230769231 0.11899038461538461 0.06490384615384616
1 0.9206730769230769 0.48677884615384615 0.10336538461538461 0.056490384615384616