1 0.9471153846153846 0.7764423076923077 0.10096153846153846 0.44350961538461536
10 0.11778846153846154 0.5024038461538461 0.1466346153846154 0.1502403846153846
10 0.1141826923076923 0.47475961538461536 0.1310096153846154 0.09134615384615384
1 0.14783653846153846 0.5697115384615384 0.1875 0.1814903846153846
1 0.27524038461538464 0.5324519230769231 0.09014423076923077 0.08653846153846154
1 0.27283653846153844 0.5336538461538461 0.06610576923076923 0.078125
1 0.3701923076923077 0.5685096153846154 0.15625 0.20673076923076922
7 0.34975961538461536 0.27163461538461536 0.015625 0.056490384615384616
6 0.46274038461538464 0.3004807692307692 0.019230769230769232 0.0625
6 0.46153846153846156 0.29927884615384615 0.018028846153846152 0.046875
10 0.5072115384615384 0.48677884615384615 0.10576923076923077 0.125
1 0.7872596153846154 0.5552884615384616 0.40024038461538464 0.38100961538461536
1 0.7872596153846154 0.546875 0.38100961538461536 0.3870192307692308
6 0.6129807692307693 0.3954326923076923 0.015625 0.055288461538461536
6 0.6117788461538461 0.39903846153846156 0.013221153846153846 0.055288461538461536