1 0.028846153846153848 0.5709134615384616 0.056490384615384616 0.15625
1 0.16947115384615385 0.5600961538461539 0.09735576923076923 0.09615384615384616
1 0.16826923076923078 0.5649038461538461 0.07211538461538461 0.0625
1 0.2247596153846154 0.546875 0.03485576923076923 0.06610576923076923
1 0.2800480769230769 0.5444711538461539 0.09014423076923077 0.09975961538461539
1 0.2824519230769231 0.5456730769230769 0.07211538461538461 0.08173076923076923
1 0.3485576923076923 0.5336538461538461 0.052884615384615384 0.06850961538461539
1 0.3473557692307692 0.5336538461538461 0.04927884615384615 0.0625
10 0.36177884615384615 0.49759615384615385 0.03365384615384615 0.038461538461538464
1 0.4026442307692308 0.5264423076923077 0.02403846153846154 0.037259615384615384
1 0.4387019230769231 0.5360576923076923 0.07572115384615384 0.08173076923076923
1 0.43509615384615385 0.5372596153846154 0.05889423076923077 0.06490384615384616
1 0.5096153846153846 0.5192307692307693 0.04326923076923077 0.052884615384615384
1 0.6165865384615384 0.5637019230769231 0.07572115384615384 0.18389423076923078
1 0.6334134615384616 0.5576923076923077 0.10697115384615384 0.171875
1 0.7620192307692307 0.5877403846153846 0.25240384615384615 0.25