1 0.8930288461538461 0.6490384615384616 0.2127403846153846 0.3161057692307692
1 0.04447115384615385 0.5649038461538461 0.08774038461538461 0.08774038461538461
1 0.17307692307692307 0.5444711538461539 0.06971153846153846 0.052884615384615384
1 0.23076923076923078 0.5384615384615384 0.04447115384615385 0.052884615384615384
4 0.2764423076923077 0.0889423076923077 0.037259615384615384 0.125
1 0.3737980769230769 0.5240384615384616 0.027644230769230768 0.037259615384615384
1 0.41466346153846156 0.5432692307692307 0.06610576923076923 0.08774038461538461
4 0.4879807692307692 0.07091346153846154 0.03365384615384615 0.11899038461538461
1 0.5600961538461539 0.5432692307692307 0.0625 0.06490384615384616
1 0.6394230769230769 0.5240384615384616 0.0625 0.06009615384615385
1 0.7163461538461539 0.5685096153846154 0.1658653846153846 0.14302884615384615
4 0.7800480769230769 0.32572115384615385 0.028846153846153848 0.109375