10 0.0673076923076923 0.4807692307692308 0.1310096153846154 0.18389423076923078
1 0.11778846153846154 0.5625 0.10576923076923077 0.11177884615384616
10 0.1814903846153846 0.5072115384615384 0.13221153846153846 0.171875
1 0.18509615384615385 0.5072115384615384 0.13221153846153846 0.1466346153846154
1 0.31850961538461536 0.6009615384615384 0.22115384615384615 0.27884615384615385
1 0.39903846153846156 0.5 0.14903846153846154 0.22235576923076922
10 0.40024038461538464 0.5276442307692307 0.12860576923076922 0.19110576923076922
1 0.5084134615384616 0.5372596153846154 0.056490384615384616 0.07451923076923077
1 0.5853365384615384 0.5336538461538461 0.10576923076923077 0.1502403846153846
1 0.6550480769230769 0.5576923076923077 0.16947115384615385 0.171875
1 0.7524038461538461 0.47596153846153844 0.09615384615384616 0.18509615384615385
10 0.7596153846153846 0.49759615384615385 0.10096153846153846 0.18389423076923078