1 0.13822115384615385 0.5516826923076923 0.08173076923076923 0.06610576923076923
1 0.11778846153846154 0.5564903846153846 0.04326923076923077 0.06009615384615385
1 0.15625 0.5649038461538461 0.040865384615384616 0.06850961538461539
1 0.18990384615384615 0.5709134615384616 0.040865384615384616 0.07211538461538461
1 0.23677884615384615 0.5865384615384616 0.052884615384615384 0.07211538461538461
1 0.30528846153846156 0.5600961538461539 0.109375 0.125
1 0.32211538461538464 0.5829326923076923 0.11899038461538461 0.109375
1 0.34615384615384615 0.5805288461538461 0.1622596153846154 0.11899038461538461
1 0.3605769230769231 0.59375 0.11778846153846154 0.11298076923076923
1 0.44350961538461536 0.609375 0.23076923076923078 0.19951923076923078
1 0.41225961538461536 0.5913461538461539 0.1466346153846154 0.16346153846153846
1 0.5853365384615384 0.5973557692307693 0.38100961538461536 0.22115384615384615
1 0.5805288461538461 0.5901442307692307 0.36538461538461536 0.2127403846153846