1 0.2824519230769231 0.6045673076923077 0.32572115384615385 0.47115384615384615
6 0.43509615384615385 0.4639423076923077 0.013221153846153846 0.03485576923076923
1 0.45552884615384615 0.5649038461538461 0.040865384615384616 0.16346153846153846
1 0.5168269230769231 0.5084134615384616 0.03365384615384615 0.05048076923076923
4 0.5757211538461539 0.36778846153846156 0.021634615384615384 0.05048076923076923
4 0.5757211538461539 0.37259615384615385 0.013221153846153846 0.05048076923076923
1 0.6069711538461539 0.5132211538461539 0.02403846153846154 0.037259615384615384
4 0.6670673076923077 0.4519230769230769 0.01201923076923077 0.037259615384615384
4 0.6694711538461539 0.43990384615384615 0.013221153846153846 0.037259615384615384
4 0.9350961538461539 0.36538461538461536 0.015625 0.046875
4 0.9350961538461539 0.37740384615384615 0.01201923076923077 0.05048076923076923
1 0.9663461538461539 0.4831730769230769 0.06490384615384616 0.09014423076923077