1 0.671875 0.5264423076923077 0.12860576923076922 0.12860576923076922
1 0.06370192307692307 0.5841346153846154 0.125 0.2620192307692308
1 0.11778846153846154 0.5060096153846154 0.2247596153846154 0.12860576923076922
1 0.25 0.4951923076923077 0.12139423076923077 0.06610576923076923
1 0.27163461538461536 0.5180288461538461 0.08774038461538461 0.09735576923076923
1 0.29447115384615385 0.49759615384615385 0.08774038461538461 0.06610576923076923
1 0.3016826923076923 0.49038461538461536 0.07451923076923077 0.06009615384615385
1 0.39903846153846156 0.5072115384615384 0.05889423076923077 0.07211538461538461
1 0.40865384615384615 0.5072115384615384 0.056490384615384616 0.04447115384615385
1 0.48197115384615385 0.5060096153846154 0.14903846153846154 0.0625
1 0.7800480769230769 0.5252403846153846 0.15625 0.12740384615384615
1 0.8942307692307693 0.4879807692307692 0.03125 0.05048076923076923
1 0.9278846153846154 0.5024038461538461 0.056490384615384616 0.078125
1 0.9591346153846154 0.5096153846153846 0.028846153846153848 0.06490384615384616