1 0.24759615384615385 0.5384615384615384 0.052884615384615384 0.06009615384615385
1 0.24759615384615385 0.5372596153846154 0.046875 0.056490384615384616
1 0.33052884615384615 0.5564903846153846 0.07572115384615384 0.08413461538461539
4 0.40865384615384615 0.4074519230769231 0.01201923076923077 0.03125
4 0.40865384615384615 0.40625 0.009615384615384616 0.03125
1 0.43509615384615385 0.546875 0.06009615384615385 0.08774038461538461
4 0.45913461538461536 0.41466346153846156 0.009615384615384616 0.02403846153846154
4 0.46033653846153844 0.4170673076923077 0.01201923076923077 0.027644230769230768
3 0.5132211538461539 0.47115384615384615 0.01201923076923077 0.04326923076923077
4 0.5132211538461539 0.47115384615384615 0.013221153846153846 0.03125
4 0.5276442307692307 0.4543269230769231 0.009615384615384616 0.03485576923076923
4 0.5288461538461539 0.453125 0.009615384615384616 0.03365384615384615
2 0.5480769230769231 0.5384615384615384 0.009615384615384616 0.08774038461538461
2 0.5492788461538461 0.5348557692307693 0.01201923076923077 0.07451923076923077
2 0.5588942307692307 0.5372596153846154 0.013221153846153846 0.08413461538461539
2 0.5600961538461539 0.5408653846153846 0.01201923076923077 0.09134615384615384
2 0.5733173076923077 0.5372596153846154 0.015625 0.08653846153846154
2 0.5769230769230769 0.5384615384615384 0.01201923076923077 0.08774038461538461
2 0.5889423076923077 0.53125 0.018028846153846152 0.08653846153846154
2 0.5925480769230769 0.53125 0.01201923076923077 0.08173076923076923