1 0.9362980769230769 0.5228365384615384 0.12259615384615384 0.1935096153846154
1 0.09735576923076923 0.5769230769230769 0.19471153846153846 0.44711538461538464
1 0.20192307692307693 0.515625 0.05889423076923077 0.0625
1 0.20432692307692307 0.5108173076923077 0.052884615384615384 0.052884615384615384
1 0.3233173076923077 0.49759615384615385 0.040865384615384616 0.038461538461538464
1 0.3269230769230769 0.49759615384615385 0.028846153846153848 0.04326923076923077
1 0.35336538461538464 0.4879807692307692 0.028846153846153848 0.037259615384615384
1 0.37259615384615385 0.49158653846153844 0.028846153846153848 0.046875
1 0.4110576923076923 0.49759615384615385 0.05889423076923077 0.078125
1 0.43990384615384615 0.49038461538461536 0.03485576923076923 0.05048076923076923
1 0.49759615384615385 0.4855769230769231 0.021634615384615384 0.021634615384615384
1 0.5600961538461539 0.49399038461538464 0.03485576923076923 0.05889423076923077
1 0.5973557692307693 0.5024038461538461 0.05048076923076923 0.10336538461538461
1 0.6538461538461539 0.5108173076923077 0.11298076923076923 0.14423076923076922