1 0.9302884615384616 0.7403846153846154 0.13701923076923078 0.40865384615384615
2 0.12740384615384615 0.5540865384615384 0.04927884615384615 0.1875
2 0.17307692307692307 0.5432692307692307 0.038461538461538464 0.21153846153846154
1 0.20072115384615385 0.5396634615384616 0.05048076923076923 0.07451923076923077
1 0.20552884615384615 0.5444711538461539 0.03365384615384615 0.07572115384615384
1 0.22716346153846154 0.5444711538461539 0.038461538461538464 0.07451923076923077
1 0.23317307692307693 0.5432692307692307 0.025240384615384616 0.05889423076923077
2 0.4266826923076923 0.5288461538461539 0.055288461538461536 0.1971153846153846
1 0.43028846153846156 0.5276442307692307 0.040865384615384616 0.19110576923076922
1 0.5288461538461539 0.5492788461538461 0.140625 0.10336538461538461
1 0.6370192307692307 0.5540865384615384 0.10336538461538461 0.09615384615384616
1 0.6334134615384616 0.5576923076923077 0.09014423076923077 0.08173076923076923
1 0.7283653846153846 0.5817307692307693 0.09615384615384616 0.15264423076923078
1 0.8774038461538461 0.5877403846153846 0.2439903846153846 0.25600961538461536