1 0.265625 0.5408653846153846 0.040865384615384616 0.04927884615384615
1 0.3293269230769231 0.5276442307692307 0.040865384615384616 0.04447115384615385
1 0.4254807692307692 0.5300480769230769 0.03125 0.06490384615384616
1 0.48197115384615385 0.5528846153846154 0.11177884615384616 0.13822115384615385
1 0.5588942307692307 0.515625 0.04326923076923077 0.06850961538461539
10 0.5552884615384616 0.5144230769230769 0.03125 0.05048076923076923
1 0.6538461538461539 0.5420673076923077 0.0625 0.06971153846153846
1 0.6995192307692307 0.5324519230769231 0.04326923076923077 0.06850961538461539
2 0.7139423076923077 0.5336538461538461 0.019230769230769232 0.08173076923076923
1 0.7151442307692307 0.5348557692307693 0.021634615384615384 0.078125
2 0.7319711538461539 0.5288461538461539 0.015625 0.06971153846153846
2 0.7403846153846154 0.5264423076923077 0.021634615384615384 0.06490384615384616
2 0.7427884615384616 0.5240384615384616 0.019230769230769232 0.078125