2 0.8545673076923077 0.5612980769230769 0.03365384615384615 0.08653846153846154
1 0.03245192307692308 0.6274038461538461 0.06009615384615385 0.15384615384615385
1 0.09615384615384616 0.6286057692307693 0.07451923076923077 0.10576923076923077
1 0.10096153846153846 0.6286057692307693 0.07572115384615384 0.09735576923076923
1 0.14903846153846154 0.5925480769230769 0.06971153846153846 0.07211538461538461
1 0.16947115384615385 0.5649038461538461 0.09134615384615384 0.08774038461538461
1 0.3125 0.5865384615384616 0.18990384615384615 0.23197115384615385
10 0.47115384615384615 0.5168269230769231 0.12139423076923077 0.23677884615384615
2 0.6165865384615384 0.5745192307692307 0.04447115384615385 0.14423076923076922
2 0.6286057692307693 0.5745192307692307 0.025240384615384616 0.12860576923076922
2 0.7259615384615384 0.5805288461538461 0.06971153846153846 0.1875