1 0.0889423076923077 0.5252403846153846 0.05889423076923077 0.040865384615384616
3 0.038461538461538464 0.25240384615384615 0.021634615384615384 0.07451923076923077
1 0.15865384615384615 0.5360576923076923 0.04927884615384615 0.038461538461538464
1 0.21153846153846154 0.5360576923076923 0.027644230769230768 0.04326923076923077
1 0.3317307692307692 0.6165865384615384 0.24278846153846154 0.2776442307692308
3 0.24639423076923078 0.359375 0.019230769230769232 0.055288461538461536
3 0.3245192307692308 0.296875 0.02403846153846154 0.06009615384615385
4 0.38461538461538464 0.41947115384615385 0.015625 0.03485576923076923
4 0.4170673076923077 0.44591346153846156 0.015625 0.03365384615384615
1 0.44591346153846156 0.5228365384615384 0.025240384615384616 0.04326923076923077
1 0.4807692307692308 0.5264423076923077 0.027644230769230768 0.03365384615384615
1 0.5180288461538461 0.5552884615384616 0.07451923076923077 0.09615384615384616
4 0.5096153846153846 0.40625 0.018028846153846152 0.04447115384615385
4 0.5072115384615384 0.4050480769230769 0.01201923076923077 0.03365384615384615
1 0.5552884615384616 0.5420673076923077 0.038461538461538464 0.056490384615384616
1 0.5564903846153846 0.5288461538461539 0.037259615384615384 0.06490384615384616
1 0.6790865384615384 0.5841346153846154 0.23076923076923078 0.24278846153846154
1 0.6478365384615384 0.53125 0.0625 0.078125
4 0.640625 0.47475961538461536 0.013221153846153846 0.03125
1 0.8221153846153846 0.5480769230769231 0.052884615384615384 0.04447115384615385
1 0.9014423076923077 0.5985576923076923 0.19110576923076922 0.2247596153846154
4 0.8257211538461539 0.41346153846153844 0.018028846153846152 0.056490384615384616
3 0.8509615384615384 0.36177884615384615 0.019230769230769232 0.04326923076923077
3 0.8918269230769231 0.3389423076923077 0.021634615384615384 0.0625