0 0.6634615384615384 0.5288461538461539 0.019230769230769232 0.08774038461538461
2 0.06009615384615385 0.5492788461538461 0.02403846153846154 0.07451923076923077
2 0.06490384615384616 0.546875 0.027644230769230768 0.09375
1 0.12259615384615384 0.5384615384615384 0.07211538461538461 0.07572115384615384
0 0.16466346153846154 0.5384615384615384 0.04447115384615385 0.09014423076923077
2 0.17067307692307693 0.5372596153846154 0.021634615384615384 0.08173076923076923
1 0.33052884615384615 0.6526442307692307 0.3317307692307692 0.4182692307692308
7 0.2800480769230769 0.2764423076923077 0.019230769230769232 0.0625
6 0.3894230769230769 0.2860576923076923 0.019230769230769232 0.07211538461538461
1 0.5625 0.5444711538461539 0.2127403846153846 0.13822115384615385
0 0.6009615384615384 0.5372596153846154 0.12139423076923077 0.18990384615384615
6 0.5637019230769231 0.40865384615384615 0.021634615384615384 0.0625
2 0.6382211538461539 0.5036057692307693 0.02403846153846154 0.06850961538461539