5 0.7548076923076923 0.21875 0.021634615384615384 0.078125
5 0.8569711538461539 0.2824519230769231 0.019230769230769232 0.06850961538461539
1 0.8870192307692307 0.5036057692307693 0.03485576923076923 0.04326923076923077
1 0.9254807692307693 0.5024038461538461 0.06850961538461539 0.078125
1 0.1622596153846154 0.5012019230769231 0.11538461538461539 0.06610576923076923
1 0.24759615384615385 0.5444711538461539 0.13822115384615385 0.09134615384615384
1 0.3629807692307692 0.5336538461538461 0.10576923076923077 0.10096153846153846
1 0.4362980769230769 0.5264423076923077 0.046875 0.07451923076923077
1 0.4951923076923077 0.5240384615384616 0.08173076923076923 0.07572115384615384
1 0.5745192307692307 0.5240384615384616 0.07211538461538461 0.08173076923076923
1 0.5757211538461539 0.5204326923076923 0.06971153846153846 0.078125
1 0.6502403846153846 0.5252403846153846 0.078125 0.09134615384615384
1 0.6911057692307693 0.5144230769230769 0.03125 0.06610576923076923
1 0.7211538461538461 0.5132211538461539 0.037259615384615384 0.08173076923076923
1 0.7716346153846154 0.5192307692307693 0.08052884615384616 0.078125
1 0.7788461538461539 0.4879807692307692 0.052884615384615384 0.06009615384615385