1 0.18509615384615385 0.5144230769230769 0.10697115384615384 0.11899038461538461
1 0.17067307692307693 0.46634615384615385 0.06610576923076923 0.056490384615384616
1 0.19230769230769232 0.5132211538461539 0.09615384615384616 0.109375
1 0.26322115384615385 0.5108173076923077 0.037259615384615384 0.09134615384615384
4 0.34975961538461536 0.4387019230769231 0.01201923076923077 0.028846153846153848
4 0.34975961538461536 0.44711538461538464 0.01201923076923077 0.03125
1 0.4206730769230769 0.49038461538461536 0.03485576923076923 0.052884615384615384
1 0.5288461538461539 0.5132211538461539 0.12740384615384615 0.18028846153846154
4 0.5096153846153846 0.37740384615384615 0.019230769230769232 0.03125
4 0.5096153846153846 0.36658653846153844 0.013221153846153846 0.038461538461538464
4 0.5793269230769231 0.4362980769230769 0.01201923076923077 0.028846153846153848
4 0.5817307692307693 0.4338942307692308 0.018028846153846152 0.027644230769230768
1 0.6286057692307693 0.5072115384615384 0.09134615384615384 0.10697115384615384
4 0.6069711538461539 0.40384615384615385 0.021634615384615384 0.05048076923076923
4 0.6033653846153846 0.41586538461538464 0.01201923076923077 0.021634615384615384