1 0.03245192307692308 0.5060096153846154 0.06490384615384616 0.08052884615384616
1 0.18509615384615385 0.5012019230769231 0.07451923076923077 0.07211538461538461
1 0.27283653846153844 0.4879807692307692 0.04447115384615385 0.046875
1 0.3473557692307692 0.48197115384615385 0.03365384615384615 0.03125
1 0.3798076923076923 0.49278846153846156 0.04927884615384615 0.056490384615384616
4 0.45552884615384615 0.38100961538461536 0.01201923076923077 0.03485576923076923
1 0.5036057692307693 0.5036057692307693 0.07572115384615384 0.09975961538461539
4 0.5024038461538461 0.3798076923076923 0.015625 0.03365384615384615
4 0.6117788461538461 0.4387019230769231 0.015625 0.03125
4 0.6586538461538461 0.41947115384615385 0.013221153846153846 0.040865384615384616
1 0.7115384615384616 0.5048076923076923 0.09975961538461539 0.12259615384615384
1 0.7151442307692307 0.49278846153846156 0.10576923076923077 0.09975961538461539