1 0.019230769230769232 0.6370192307692307 0.038461538461538464 0.24519230769230768
10 0.06129807692307692 0.48677884615384615 0.12259615384615384 0.1778846153846154
10 0.05889423076923077 0.49278846153846156 0.11778846153846154 0.18509615384615385
1 0.11778846153846154 0.5637019230769231 0.10576923076923077 0.11177884615384616
1 0.17427884615384615 0.46875 0.11538461538461539 0.12139423076923077
10 0.18389423076923078 0.5072115384615384 0.12860576923076922 0.17427884615384615
1 0.31490384615384615 0.6045673076923077 0.2283653846153846 0.28846153846153844
10 0.4014423076923077 0.5276442307692307 0.12860576923076922 0.19110576923076922
1 0.4338942307692308 0.5192307692307693 0.078125 0.25961538461538464
1 0.5084134615384616 0.5372596153846154 0.056490384615384616 0.078125
1 0.53125 0.5336538461538461 0.028846153846153848 0.11177884615384616
1 0.5865384615384616 0.5324519230769231 0.10697115384615384 0.15264423076923078
1 0.6538461538461539 0.5600961538461539 0.171875 0.171875
10 0.7572115384615384 0.49278846153846156 0.10576923076923077 0.18509615384615385