1 0.8629807692307693 0.5444711538461539 0.07572115384615384 0.055288461538461536
2 0.8822115384615384 0.5432692307692307 0.013221153846153846 0.052884615384615384
1 0.09375 0.5252403846153846 0.06009615384615385 0.038461538461538464
3 0.037259615384615384 0.24278846153846154 0.021634615384615384 0.078125
1 0.21394230769230768 0.5480769230769231 0.11177884615384616 0.08653846153846154
1 0.20552884615384615 0.5408653846153846 0.08774038461538461 0.07211538461538461
1 0.22235576923076922 0.5324519230769231 0.027644230769230768 0.04326923076923077
1 0.33653846153846156 0.6237980769230769 0.23076923076923078 0.28125
3 0.24639423076923078 0.3545673076923077 0.019230769230769232 0.055288461538461536
3 0.32572115384615385 0.2920673076923077 0.02403846153846154 0.06009615384615385
3 0.3858173076923077 0.4182692307692308 0.013221153846153846 0.03485576923076923
4 0.38822115384615385 0.421875 0.018028846153846152 0.03365384615384615
4 0.42427884615384615 0.44711538461538464 0.018028846153846152 0.03125
1 0.45072115384615385 0.5252403846153846 0.025240384615384616 0.04326923076923077
1 0.48197115384615385 0.5276442307692307 0.027644230769230768 0.03125
1 0.515625 0.5492788461538461 0.07451923076923077 0.09615384615384616
4 0.5132211538461539 0.4050480769230769 0.013221153846153846 0.03365384615384615
4 0.5168269230769231 0.40625 0.018028846153846152 0.04447115384615385
1 0.6021634615384616 0.5649038461538461 0.1466346153846154 0.18509615384615385
1 0.5492788461538461 0.5336538461538461 0.037259615384615384 0.06490384615384616
1 0.6382211538461539 0.5300480769230769 0.04447115384615385 0.078125
4 0.6502403846153846 0.47475961538461536 0.013221153846153846 0.03125
1 0.7572115384615384 0.5637019230769231 0.1466346153846154 0.16947115384615385
4 0.8485576923076923 0.40384615384615385 0.015625 0.05889423076923077
3 0.8617788461538461 0.3545673076923077 0.019230769230769232 0.04326923076923077
3 0.9134615384615384 0.3389423076923077 0.021634615384615384 0.0625