1 0.10096153846153846 0.5360576923076923 0.1935096153846154 0.15865384615384615
2 0.02403846153846154 0.5252403846153846 0.021634615384615384 0.06850961538461539
1 0.22115384615384615 0.515625 0.078125 0.10096153846153846
1 0.2800480769230769 0.5048076923076923 0.07211538461538461 0.056490384615384616
1 0.28365384615384615 0.5024038461538461 0.06610576923076923 0.040865384615384616
1 0.31490384615384615 0.5036057692307693 0.04447115384615385 0.05889423076923077
1 0.31971153846153844 0.5024038461538461 0.037259615384615384 0.04326923076923077
1 0.33653846153846156 0.49759615384615385 0.025240384615384616 0.04447115384615385
1 0.3641826923076923 0.4951923076923077 0.028846153846153848 0.040865384615384616
1 0.41346153846153844 0.49278846153846156 0.046875 0.07451923076923077
1 0.41346153846153844 0.4951923076923077 0.03485576923076923 0.05048076923076923
1 0.4519230769230769 0.5024038461538461 0.06610576923076923 0.06850961538461539
1 0.49759615384615385 0.49759615384615385 0.03125 0.04927884615384615
1 0.5949519230769231 0.4963942307692308 0.140625 0.12259615384615384
1 0.6033653846153846 0.5012019230769231 0.15384615384615385 0.12860576923076922
1 0.6550480769230769 0.5240384615384616 0.19951923076923078 0.1346153846153846