4 0.23677884615384615 0.4254807692307692 0.019230769230769232 0.03485576923076923
1 0.3798076923076923 0.5132211538461539 0.05048076923076923 0.06610576923076923
1 0.49158653846153844 0.49278846153846156 0.027644230769230768 0.027644230769230768
1 0.5264423076923077 0.5 0.055288461538461536 0.09014423076923077
4 0.5444711538461539 0.3269230769230769 0.018028846153846152 0.05048076923076923
4 0.5456730769230769 0.3161057692307692 0.018028846153846152 0.052884615384615384
4 0.6490384615384616 0.41947115384615385 0.019230769230769232 0.037259615384615384
4 0.6514423076923077 0.4098557692307692 0.018028846153846152 0.06009615384615385
1 0.8076923076923077 0.5240384615384616 0.20552884615384615 0.2620192307692308
1 0.8365384615384616 0.5084134615384616 0.2403846153846154 0.26322115384615385
1 0.9507211538461539 0.6213942307692307 0.09615384615384616 0.25600961538461536