1 0.06971153846153846 0.5300480769230769 0.13701923076923078 0.23677884615384615
1 0.18509615384615385 0.5252403846153846 0.10576923076923077 0.140625
1 0.25600961538461536 0.5240384615384616 0.056490384615384616 0.11177884615384616
1 0.2932692307692308 0.5120192307692307 0.03125 0.07451923076923077
1 0.3173076923076923 0.5024038461538461 0.03365384615384615 0.078125
1 0.44591346153846156 0.5024038461538461 0.08413461538461539 0.06009615384615385
1 0.4855769230769231 0.4855769230769231 0.027644230769230768 0.03125
1 0.5697115384615384 0.4831730769230769 0.046875 0.04326923076923077
1 0.7536057692307693 0.48197115384615385 0.037259615384615384 0.040865384615384616
1 0.7836538461538461 0.47596153846153844 0.052884615384615384 0.038461538461538464
1 0.7836538461538461 0.47115384615384615 0.04447115384615385 0.037259615384615384
1 0.8305288461538461 0.47596153846153844 0.052884615384615384 0.03485576923076923
1 0.8665865384615384 0.47475961538461536 0.04447115384615385 0.038461538461538464