1 0.6682692307692307 0.5024038461538461 0.10336538461538461 0.06971153846153846
1 0.042067307692307696 0.546875 0.06850961538461539 0.09014423076923077
1 0.08774038461538461 0.5384615384615384 0.055288461538461536 0.07451923076923077
1 0.12980769230769232 0.5336538461538461 0.046875 0.07451923076923077
1 0.20673076923076922 0.5384615384615384 0.12740384615384615 0.14302884615384615
4 0.2668269230769231 0.3629807692307692 0.03125 0.052884615384615384
1 0.30528846153846156 0.5084134615384616 0.027644230769230768 0.040865384615384616
1 0.33533653846153844 0.5084134615384616 0.03365384615384615 0.046875
10 0.3701923076923077 0.4807692307692308 0.08052884615384616 0.15384615384615385
1 0.5240384615384616 0.5600961538461539 0.20552884615384615 0.20072115384615385
1 0.5240384615384616 0.5504807692307693 0.1814903846153846 0.16346153846153846
4 0.4543269230769231 0.43149038461538464 0.019230769230769232 0.056490384615384616
4 0.45552884615384615 0.43028846153846156 0.013221153846153846 0.038461538461538464
4 0.6586538461538461 0.20673076923076922 0.05889423076923077 0.08173076923076923
1 0.7644230769230769 0.4879807692307692 0.13822115384615385 0.09375
1 0.9783653846153846 0.4735576923076923 0.037259615384615384 0.1310096153846154