10 0.0733173076923077 0.37740384615384615 0.1466346153846154 0.32572115384615385
10 0.08052884615384616 0.37740384615384615 0.15985576923076922 0.29447115384615385
1 0.04927884615384615 0.5372596153846154 0.09735576923076923 0.19110576923076922
1 0.19591346153846154 0.5288461538461539 0.19471153846153846 0.2127403846153846
5 0.2536057692307692 0.33533653846153844 0.019230769230769232 0.05048076923076923
1 0.48197115384615385 0.6538461538461539 0.3870192307692308 0.47596153846153844
5 0.3076923076923077 0.33774038461538464 0.019230769230769232 0.05048076923076923
6 0.3918269230769231 0.3329326923076923 0.018028846153846152 0.046875
6 0.44711538461538464 0.3401442307692308 0.019230769230769232 0.046875
6 0.5709134615384616 0.40625 0.018028846153846152 0.04447115384615385
1 0.7992788461538461 0.484375 0.04326923076923077 0.06850961538461539
1 0.9038461538461539 0.48677884615384615 0.17427884615384615 0.1346153846153846