1 0.9423076923076923 0.515625 0.11177884615384616 0.13701923076923078
1 0.13221153846153846 0.5600961538461539 0.07211538461538461 0.0625
1 0.22355769230769232 0.5480769230769231 0.05048076923076923 0.046875
1 0.2644230769230769 0.5420673076923077 0.03125 0.04326923076923077
1 0.29086538461538464 0.5384615384615384 0.027644230769230768 0.03365384615384615
4 0.36658653846153844 0.34375 0.015625 0.05048076923076923
1 0.4098557692307692 0.5456730769230769 0.06610576923076923 0.08774038461538461
4 0.45552884615384615 0.33413461538461536 0.015625 0.052884615384615384
1 0.5048076923076923 0.5300480769230769 0.038461538461538464 0.055288461538461536
1 0.5276442307692307 0.5384615384615384 0.025240384615384616 0.05889423076923077
1 0.5612980769230769 0.5444711538461539 0.06610576923076923 0.07451923076923077
4 0.5817307692307693 0.4362980769230769 0.018028846153846152 0.046875
1 0.7043269230769231 0.5240384615384616 0.027644230769230768 0.08653846153846154