1 0.0985576923076923 0.6105769230769231 0.1971153846153846 0.1971153846153846
10 0.038461538461538464 0.47475961538461536 0.07572115384615384 0.15865384615384615
1 0.1502403846153846 0.5192307692307693 0.17548076923076922 0.16346153846153846
10 0.16466346153846154 0.5408653846153846 0.140625 0.171875
1 0.28846153846153844 0.5637019230769231 0.05889423076923077 0.06971153846153846
1 0.38341346153846156 0.5661057692307693 0.10336538461538461 0.11899038461538461
10 0.42427884615384615 0.5576923076923077 0.08052884615384616 0.1310096153846154
1 0.4254807692307692 0.5372596153846154 0.07211538461538461 0.1346153846153846
1 0.5300480769230769 0.5588942307692307 0.06009615384615385 0.08052884615384616
1 0.5600961538461539 0.5612980769230769 0.038461538461538464 0.140625
1 0.6346153846153846 0.5600961538461539 0.14903846153846154 0.19471153846153846
1 0.7668269230769231 0.6153846153846154 0.27524038461538464 0.27884615384615385
10 0.8233173076923077 0.44591346153846156 0.11298076923076923 0.09615384615384616
1 0.8257211538461539 0.45552884615384615 0.10697115384615384 0.11538461538461539