1 0.08653846153846154 0.5552884615384616 0.171875 0.14903846153846154
2 0.9411057692307693 0.6057692307692307 0.11177884615384616 0.4495192307692308
1 0.22115384615384615 0.5252403846153846 0.08774038461538461 0.11778846153846154
1 0.22115384615384615 0.5300480769230769 0.06971153846153846 0.10336538461538461
1 0.32211538461538464 0.5288461538461539 0.06971153846153846 0.09615384615384616
1 0.41947115384615385 0.5228365384615384 0.07451923076923077 0.09134615384615384
1 0.4170673076923077 0.5228365384615384 0.06009615384615385 0.08774038461538461
6 0.5120192307692307 0.3473557692307692 0.025240384615384616 0.08774038461538461
2 0.5769230769230769 0.6069711538461539 0.07211538461538461 0.5805288461538461
2 0.7355769230769231 0.6322115384615384 0.10697115384615384 0.6538461538461539
2 0.8882211538461539 0.5721153846153846 0.06009615384615385 0.4495192307692308