1 0.054086538461538464 0.5769230769230769 0.10697115384615384 0.125
1 0.12379807692307693 0.5612980769230769 0.12860576923076922 0.10697115384615384
1 0.17427884615384615 0.546875 0.109375 0.10697115384615384
1 0.2668269230769231 0.546875 0.08173076923076923 0.07451923076923077
1 0.31850961538461536 0.5252403846153846 0.055288461538461536 0.06971153846153846
1 0.48677884615384615 0.5180288461538461 0.028846153846153848 0.038461538461538464
1 0.6538461538461539 0.5637019230769231 0.20072115384615385 0.18990384615384615
1 0.5997596153846154 0.5024038461538461 0.055288461538461536 0.052884615384615384
2 0.7211538461538461 0.5612980769230769 0.04326923076923077 0.26322115384615385
1 0.8317307692307693 0.5564903846153846 0.24759615384615385 0.21634615384615385
1 0.9387019230769231 0.6033653846153846 0.12139423076923077 0.33653846153846156