2 0.16346153846153846 0.5384615384615384 0.01201923076923077 0.056490384615384616
2 0.20192307692307693 0.5384615384615384 0.01201923076923077 0.05889423076923077
2 0.39903846153846156 0.5372596153846154 0.009615384615384616 0.046875
2 0.3581730769230769 0.5288461538461539 0.01201923076923077 0.056490384615384616
2 0.21995192307692307 0.5336538461538461 0.015625 0.06490384615384616
2 0.06850961538461539 0.5396634615384616 0.02403846153846154 0.09615384615384616
2 0.13822115384615385 0.5444711538461539 0.025240384615384616 0.109375
1 0.2692307692307692 0.5372596153846154 0.08774038461538461 0.07451923076923077
2 0.29927884615384615 0.5600961538461539 0.037259615384615384 0.14903846153846154
1 0.31850961538461536 0.5552884615384616 0.03365384615384615 0.1310096153846154
1 0.4963942307692308 0.5192307692307693 0.14302884615384615 0.09134615384615384
1 0.5600961538461539 0.5144230769230769 0.10336538461538461 0.07451923076923077
2 0.5480769230769231 0.5612980769230769 0.027644230769230768 0.12740384615384615
2 0.5685096153846154 0.5444711538461539 0.03365384615384615 0.15384615384615385
1 0.6117788461538461 0.5132211538461539 0.10336538461538461 0.078125
0 0.8016826923076923 0.5492788461538461 0.09134615384615384 0.17548076923076922