1 0.07091346153846154 0.5192307692307693 0.037259615384615384 0.040865384615384616
1 0.08052884615384616 0.5204326923076923 0.04447115384615385 0.04927884615384615
1 0.12259615384615384 0.4795673076923077 0.025240384615384616 0.03485576923076923
5 0.1778846153846154 0.47716346153846156 0.025240384615384616 0.06850961538461539
10 0.23197115384615385 0.5024038461538461 0.10336538461538461 0.18028846153846154
7 0.30528846153846156 0.4423076923076923 0.019230769230769232 0.04927884615384615
5 0.30528846153846156 0.4375 0.01201923076923077 0.04326923076923077
1 0.3161057692307692 0.46875 0.021634615384615384 0.02403846153846154
1 0.35697115384615385 0.5024038461538461 0.04927884615384615 0.08774038461538461
1 0.36658653846153844 0.46634615384615385 0.027644230769230768 0.021634615384615384
1 0.36658653846153844 0.4519230769230769 0.019230769230769232 0.019230769230769232
1 0.4170673076923077 0.5336538461538461 0.09375 0.140625
1 0.43509615384615385 0.46274038461538464 0.019230769230769232 0.02403846153846154
1 0.45913461538461536 0.4675480769230769 0.028846153846153848 0.038461538461538464
1 0.45913461538461536 0.46634615384615385 0.028846153846153848 0.03485576923076923
4 0.47475961538461536 0.33413461538461536 0.018028846153846152 0.04927884615384615
4 0.47475961538461536 0.33533653846153844 0.013221153846153846 0.046875
1 0.4891826923076923 0.4795673076923077 0.03365384615384615 0.03125
1 0.5288461538461539 0.4855769230769231 0.04447115384615385 0.046875
4 0.5769230769230769 0.41346153846153844 0.013221153846153846 0.03485576923076923
1 0.6887019230769231 0.49278846153846156 0.09134615384615384 0.052884615384615384