4 0.25841346153846156 0.11177884615384616 0.02403846153846154 0.09014423076923077
1 0.08533653846153846 0.515625 0.12139423076923077 0.10576923076923077
1 0.16706730769230768 0.5120192307692307 0.06610576923076923 0.06971153846153846
1 0.21995192307692307 0.5180288461538461 0.0625 0.07211538461538461
1 0.26802884615384615 0.5036057692307693 0.037259615384615384 0.03125
1 0.31971153846153844 0.5096153846153846 0.03365384615384615 0.038461538461538464
4 0.4014423076923077 0.15625 0.021634615384615384 0.08653846153846154
1 0.5372596153846154 0.5120192307692307 0.027644230769230768 0.03365384615384615
1 0.6310096153846154 0.5072115384615384 0.028846153846153848 0.037259615384615384
1 0.7163461538461539 0.4963942307692308 0.11298076923076923 0.09615384615384616
4 0.6995192307692307 0.32572115384615385 0.025240384615384616 0.09615384615384616
1 0.8100961538461539 0.5096153846153846 0.056490384615384616 0.038461538461538464