1 0.057692307692307696 0.609375 0.11538461538461539 0.15865384615384615
2 0.9615384615384616 0.5721153846153846 0.056490384615384616 0.2403846153846154
2 0.9002403846153846 0.5901442307692307 0.04927884615384615 0.2127403846153846
0 0.18870192307692307 0.5889423076923077 0.04447115384615385 0.13822115384615385
1 0.2692307692307692 0.5829326923076923 0.11899038461538461 0.1346153846153846
1 0.37259615384615385 0.5444711538461539 0.03485576923076923 0.040865384615384616
1 0.43028846153846156 0.5757211538461539 0.078125 0.09975961538461539
0 0.5757211538461539 0.5865384615384616 0.05889423076923077 0.25240384615384615
3 0.5877403846153846 0.27403846153846156 0.03125 0.10697115384615384
2 0.6286057692307693 0.5384615384615384 0.025240384615384616 0.078125
2 0.6754807692307693 0.5336538461538461 0.021634615384615384 0.07211538461538461
2 0.7091346153846154 0.5384615384615384 0.021634615384615384 0.10697115384615384
2 0.7367788461538461 0.5384615384615384 0.019230769230769232 0.10576923076923077