2 0.013221153846153846 0.5336538461538461 0.019230769230769232 0.06850961538461539
2 0.014423076923076924 0.53125 0.015625 0.07451923076923077
2 0.038461538461538464 0.5300480769230769 0.018028846153846152 0.08413461538461539
2 0.042067307692307696 0.5324519230769231 0.015625 0.078125
1 0.24879807692307693 0.6634615384615384 0.3557692307692308 0.39903846153846156
6 0.1622596153846154 0.39903846153846156 0.013221153846153846 0.04447115384615385
1 0.43509615384615385 0.5288461538461539 0.046875 0.06850961538461539
6 0.5120192307692307 0.36778846153846156 0.018028846153846152 0.056490384615384616
2 0.6045673076923077 0.5372596153846154 0.06971153846153846 0.24639423076923078
2 0.6322115384615384 0.5336538461538461 0.03365384615384615 0.21514423076923078
2 0.9014423076923077 0.5252403846153846 0.03485576923076923 0.171875
2 0.9038461538461539 0.5252403846153846 0.03365384615384615 0.17548076923076922