1 0.06490384615384616 0.6334134615384616 0.12860576923076922 0.32572115384615385
10 0.07451923076923077 0.49759615384615385 0.14423076923076922 0.1310096153846154
1 0.15384615384615385 0.5600961538461539 0.052884615384615384 0.06490384615384616
1 0.296875 0.6574519230769231 0.3317307692307692 0.421875
7 0.33774038461538464 0.24879807692307693 0.021634615384615384 0.06850961538461539
10 0.47115384615384615 0.5072115384615384 0.037259615384615384 0.06850961538461539
6 0.46634615384615385 0.27884615384615385 0.021634615384615384 0.06490384615384616
2 0.5757211538461539 0.5240384615384616 0.018028846153846152 0.08413461538461539
2 0.5913461538461539 0.5252403846153846 0.03365384615384615 0.09134615384615384
6 0.6418269230769231 0.39663461538461536 0.02403846153846154 0.0625
1 0.8822115384615384 0.5564903846153846 0.23197115384615385 0.6658653846153846