1 0.042067307692307696 0.5456730769230769 0.08173076923076923 0.14302884615384615
1 0.1310096153846154 0.5444711538461539 0.11538461538461539 0.08653846153846154
1 0.12860576923076922 0.5444711538461539 0.10096153846153846 0.11538461538461539
1 0.22235576923076922 0.53125 0.056490384615384616 0.06490384615384616
1 0.23197115384615385 0.5276442307692307 0.06971153846153846 0.06490384615384616
1 0.3629807692307692 0.5072115384615384 0.025240384615384616 0.04927884615384615
1 0.38221153846153844 0.5048076923076923 0.013221153846153846 0.037259615384615384
1 0.39302884615384615 0.5 0.019230769230769232 0.03365384615384615
1 0.45072115384615385 0.49278846153846156 0.02403846153846154 0.037259615384615384
1 0.5132211538461539 0.4855769230769231 0.028846153846153848 0.02403846153846154
1 0.5408653846153846 0.49759615384615385 0.019230769230769232 0.027644230769230768
1 0.5564903846153846 0.5072115384615384 0.03485576923076923 0.052884615384615384
1 0.5649038461538461 0.5072115384615384 0.04326923076923077 0.04447115384615385