1 0.03365384615384615 0.5853365384615384 0.06490384615384616 0.1310096153846154
1 0.07211538461538461 0.5697115384615384 0.04447115384615385 0.10336538461538461
1 0.1141826923076923 0.5661057692307693 0.04447115384615385 0.09375
1 0.1622596153846154 0.5480769230769231 0.05048076923076923 0.10096153846153846
1 0.2127403846153846 0.5444711538461539 0.07572115384615384 0.08653846153846154
1 0.21754807692307693 0.5384615384615384 0.06009615384615385 0.08413461538461539
1 0.3245192307692308 0.5324519230769231 0.040865384615384616 0.05889423076923077
2 0.33413461538461536 0.5288461538461539 0.03365384615384615 0.09615384615384616
1 0.36778846153846156 0.5264423076923077 0.056490384615384616 0.037259615384615384
1 0.46153846153846156 0.5192307692307693 0.052884615384615384 0.10576923076923077
1 0.5084134615384616 0.5480769230769231 0.08653846153846154 0.09615384615384616
1 0.6117788461538461 0.5829326923076923 0.09375 0.22596153846153846
1 0.8173076923076923 0.6442307692307693 0.36177884615384615 0.34134615384615385