1 0.9326923076923077 0.49759615384615385 0.125 0.09134615384615384
7 0.09254807692307693 0.26802884615384615 0.018028846153846152 0.06610576923076923
1 0.17427884615384615 0.5072115384615384 0.03485576923076923 0.038461538461538464
10 0.25961538461538464 0.484375 0.07451923076923077 0.12860576923076922
4 0.30408653846153844 0.2860576923076923 0.018028846153846152 0.04927884615384615
1 0.5649038461538461 0.609375 0.23076923076923078 0.25240384615384615
4 0.4699519230769231 0.390625 0.019230769230769232 0.06610576923076923
1 0.7608173076923077 0.5144230769230769 0.109375 0.07451923076923077
2 0.8233173076923077 0.5540865384615384 0.04927884615384615 0.19471153846153846
2 0.8197115384615384 0.515625 0.03485576923076923 0.1622596153846154
2 0.8689903846153846 0.5444711538461539 0.038461538461538464 0.2127403846153846