2 0.34134615384615385 0.5540865384615384 0.013221153846153846 0.04927884615384615
2 0.3545673076923077 0.5492788461538461 0.018028846153846152 0.056490384615384616
2 0.3713942307692308 0.5552884615384616 0.018028846153846152 0.07451923076923077
1 0.22235576923076922 0.5600961538461539 0.052884615384615384 0.055288461538461536
2 0.22596153846153846 0.5625 0.04326923076923077 0.055288461538461536
2 0.41225961538461536 0.5432692307692307 0.018028846153846152 0.08653846153846154
2 0.41346153846153844 0.5444711538461539 0.018028846153846152 0.08173076923076923
2 0.4254807692307692 0.5396634615384616 0.015625 0.08413461538461539
2 0.43028846153846156 0.5384615384615384 0.015625 0.09014423076923077
2 0.44711538461538464 0.5348557692307693 0.021634615384615384 0.08413461538461539
2 0.4483173076923077 0.5360576923076923 0.019230769230769232 0.08653846153846154
1 0.7608173076923077 0.5372596153846154 0.15985576923076922 0.1502403846153846