1 0.37259615384615385 0.5036057692307693 0.040865384615384616 0.03365384615384615
1 0.23197115384615385 0.5480769230769231 0.078125 0.08173076923076923
1 0.23076923076923078 0.5492788461538461 0.07451923076923077 0.08052884615384616
1 0.3125 0.5240384615384616 0.040865384615384616 0.04326923076923077
1 0.3112980769230769 0.5264423076923077 0.03125 0.040865384615384616
1 0.4206730769230769 0.5072115384615384 0.038461538461538464 0.052884615384615384
1 0.4230769230769231 0.5072115384615384 0.03365384615384615 0.040865384615384616
0 0.46033653846153844 0.5144230769230769 0.021634615384615384 0.06009615384615385
0 0.46033653846153844 0.515625 0.018028846153846152 0.06610576923076923
1 0.5072115384615384 0.5072115384615384 0.03125 0.06009615384615385
1 0.5456730769230769 0.5144230769230769 0.056490384615384616 0.06009615384615385
1 0.6622596153846154 0.5 0.12740384615384615 0.08413461538461539
1 0.7728365384615384 0.5012019230769231 0.16826923076923078 0.11177884615384616
1 0.8353365384615384 0.5048076923076923 0.14903846153846154 0.12139423076923077