10 0.028846153846153848 0.5264423076923077 0.056490384615384616 0.1502403846153846
1 0.08052884615384616 0.5192307692307693 0.04447115384615385 0.028846153846153848
1 0.11899038461538461 0.5048076923076923 0.04326923076923077 0.03365384615384615
10 0.16346153846153846 0.5132211538461539 0.04927884615384615 0.040865384615384616
1 0.16105769230769232 0.5120192307692307 0.038461538461538464 0.046875
1 0.17427884615384615 0.5396634615384616 0.0625 0.056490384615384616
1 0.17427884615384615 0.5372596153846154 0.04447115384615385 0.05048076923076923
1 0.24519230769230768 0.5216346153846154 0.03485576923076923 0.056490384615384616
1 0.28846153846153844 0.5384615384615384 0.08413461538461539 0.08413461538461539
1 0.3317307692307692 0.5192307692307693 0.03365384615384615 0.037259615384615384
1 0.37740384615384615 0.5168269230769231 0.037259615384615384 0.05048076923076923
1 0.37740384615384615 0.5192307692307693 0.025240384615384616 0.038461538461538464
6 0.3942307692307692 0.41346153846153844 0.013221153846153846 0.037259615384615384
4 0.4338942307692308 0.421875 0.019230769230769232 0.028846153846153848
4 0.4951923076923077 0.46274038461538464 0.013221153846153846 0.03365384615384615
4 0.5216346153846154 0.4579326923076923 0.01201923076923077 0.028846153846153848
1 0.5612980769230769 0.49759615384615385 0.056490384615384616 0.037259615384615384
1 0.5997596153846154 0.49759615384615385 0.03125 0.028846153846153848