1 0.203125 0.5540865384615384 0.1310096153846154 0.11899038461538461
1 0.20673076923076922 0.5480769230769231 0.12259615384615384 0.10096153846153846
1 0.33052884615384615 0.5180288461538461 0.046875 0.06971153846153846
1 0.33052884615384615 0.5168269230769231 0.040865384615384616 0.06009615384615385
1 0.3629807692307692 0.5144230769230769 0.03365384615384615 0.04447115384615385
1 0.36658653846153844 0.5132211538461539 0.03125 0.040865384615384616
1 0.38822115384615385 0.4963942307692308 0.037259615384615384 0.052884615384615384
1 0.3870192307692308 0.4987980769230769 0.03365384615384615 0.04326923076923077
1 0.4891826923076923 0.4987980769230769 0.03365384615384615 0.04326923076923077
1 0.49158653846153844 0.4963942307692308 0.03485576923076923 0.04927884615384615
1 0.65625 0.47475961538461536 0.08173076923076923 0.056490384615384616
1 0.7536057692307693 0.4831730769230769 0.1346153846153846 0.055288461538461536