1 0.036057692307692304 0.5661057692307693 0.07211538461538461 0.08413461538461539
1 0.016826923076923076 0.5721153846153846 0.03365384615384615 0.09134615384615384
1 0.06009615384615385 0.5456730769230769 0.10336538461538461 0.09735576923076923
1 0.08413461538461539 0.5540865384615384 0.052884615384615384 0.10096153846153846
1 0.12379807692307693 0.5480769230769231 0.06971153846153846 0.08052884615384616
1 0.16466346153846154 0.546875 0.04326923076923077 0.06610576923076923
1 0.18389423076923078 0.5360576923076923 0.07211538461538461 0.05889423076923077
2 0.16947115384615385 0.5348557692307693 0.02403846153846154 0.08413461538461539
1 0.23918269230769232 0.53125 0.05889423076923077 0.05048076923076923
1 0.3293269230769231 0.5504807692307693 0.14423076923076922 0.23197115384615385
1 0.46153846153846156 0.5132211538461539 0.03485576923076923 0.040865384615384616
1 0.6213942307692307 0.5420673076923077 0.10336538461538461 0.13221153846153846
1 0.7367788461538461 0.5600961538461539 0.20072115384615385 0.16826923076923078