1 0.9735576923076923 0.6899038461538461 0.05048076923076923 0.27403846153846156
1 0.08653846153846154 0.5540865384615384 0.10096153846153846 0.07451923076923077
1 0.16105769230769232 0.5408653846153846 0.07572115384615384 0.08653846153846154
1 0.1622596153846154 0.5384615384615384 0.05048076923076923 0.078125
1 0.21634615384615385 0.5408653846153846 0.06009615384615385 0.0625
1 0.21634615384615385 0.5384615384615384 0.046875 0.046875
1 0.25240384615384615 0.5396634615384616 0.021634615384615384 0.046875
1 0.36177884615384615 0.5877403846153846 0.15384615384615385 0.2247596153846154
1 0.5841346153846154 0.5444711538461539 0.08052884615384616 0.18028846153846154
1 0.5841346153846154 0.5384615384615384 0.06850961538461539 0.1502403846153846
1 0.6694711538461539 0.5649038461538461 0.109375 0.19110576923076922
1 0.6658653846153846 0.5709134615384616 0.09615384615384616 0.1658653846153846
1 0.8305288461538461 0.5769230769230769 0.234375 0.2283653846153846