1 0.9146634615384616 0.5901442307692307 0.16826923076923078 0.3004807692307692
1 0.021634615384615384 0.4951923076923077 0.03485576923076923 0.05048076923076923
7 0.05889423076923077 0.3798076923076923 0.019230769230769232 0.04326923076923077
6 0.05889423076923077 0.37740384615384615 0.019230769230769232 0.037259615384615384
6 0.11177884615384616 0.38461538461538464 0.019230769230769232 0.03365384615384615
6 0.11298076923076923 0.38341346153846156 0.015625 0.03365384615384615
1 0.16466346153846154 0.4831730769230769 0.04447115384615385 0.05048076923076923
1 0.15985576923076922 0.4879807692307692 0.03125 0.052884615384615384
1 0.1875 0.4879807692307692 0.04927884615384615 0.046875
1 0.18629807692307693 0.4807692307692308 0.04447115384615385 0.05048076923076923
6 0.18028846153846154 0.43509615384615385 0.02403846153846154 0.04447115384615385
6 0.17908653846153846 0.43509615384615385 0.013221153846153846 0.028846153846153848
1 0.22235576923076922 0.4855769230769231 0.027644230769230768 0.0625
1 0.25841346153846156 0.48197115384615385 0.056490384615384616 0.056490384615384616
1 0.2608173076923077 0.4879807692307692 0.06009615384615385 0.06009615384615385
1 0.2980769230769231 0.48197115384615385 0.028846153846153848 0.056490384615384616
1 0.3389423076923077 0.49399038461538464 0.07572115384615384 0.10096153846153846
1 0.38341346153846156 0.4951923076923077 0.025240384615384616 0.0625
1 0.4230769230769231 0.5024038461538461 0.038461538461538464 0.06971153846153846
1 0.4735576923076923 0.5012019230769231 0.06490384615384616 0.09134615384615384
1 0.47115384615384615 0.5 0.04927884615384615 0.08653846153846154
1 0.5168269230769231 0.5012019230769231 0.05889423076923077 0.11538461538461539
1 0.5204326923076923 0.5048076923076923 0.06610576923076923 0.109375
1 0.6117788461538461 0.5252403846153846 0.14302884615384615 0.11899038461538461
1 0.6105769230769231 0.5336538461538461 0.12259615384615384 0.13221153846153846
1 0.7475961538461539 0.5697115384615384 0.1622596153846154 0.22235576923076922