1 0.9002403846153846 0.7211538461538461 0.19471153846153846 0.5348557692307693
10 0.23317307692307693 0.5096153846153846 0.052884615384615384 0.06490384615384616
5 0.25841346153846156 0.49759615384615385 0.013221153846153846 0.056490384615384616
1 0.29927884615384615 0.5444711538461539 0.07451923076923077 0.08413461538461539
1 0.3425480769230769 0.5288461538461539 0.05048076923076923 0.06850961538461539
4 0.3605769230769231 0.46634615384615385 0.013221153846153846 0.038461538461538464
1 0.4266826923076923 0.5348557692307693 0.052884615384615384 0.06971153846153846
4 0.4579326923076923 0.39903846153846156 0.009615384615384616 0.03125
1 0.4735576923076923 0.5204326923076923 0.025240384615384616 0.052884615384615384
1 0.4963942307692308 0.5276442307692307 0.028846153846153848 0.05889423076923077
1 0.5288461538461539 0.5360576923076923 0.05048076923076923 0.07211538461538461
1 0.6286057692307693 0.5564903846153846 0.15865384615384615 0.1502403846153846
4 0.5901442307692307 0.4326923076923077 0.013221153846153846 0.03485576923076923