1 0.8569711538461539 0.5769230769230769 0.28125 0.25600961538461536
1 0.38221153846153844 0.4879807692307692 0.03125 0.04326923076923077
7 0.41225961538461536 0.39903846153846156 0.015625 0.025240384615384616
1 0.4483173076923077 0.49038461538461536 0.03365384615384615 0.046875
4 0.45552884615384615 0.4098557692307692 0.013221153846153846 0.02403846153846154
1 0.49158653846153844 0.4831730769230769 0.03365384615384615 0.037259615384615384
4 0.48677884615384615 0.41466346153846156 0.01201923076923077 0.027644230769230768
4 0.5444711538461539 0.4519230769230769 0.01201923076923077 0.028846153846153848
4 0.5865384615384616 0.43509615384615385 0.018028846153846152 0.03125
1 0.6322115384615384 0.5120192307692307 0.04326923076923077 0.1346153846153846
1 0.71875 0.5180288461538461 0.1466346153846154 0.17548076923076922