10 0.07451923076923077 0.5036057692307693 0.14903846153846154 0.15264423076923078
1 0.06610576923076923 0.6370192307692307 0.13221153846153846 0.34134615384615385
1 0.15865384615384615 0.5600961538461539 0.0625 0.06490384615384616
1 0.30408653846153844 0.6550480769230769 0.3317307692307692 0.42427884615384615
3 0.33774038461538464 0.2512019230769231 0.02403846153846154 0.07451923076923077
4 0.46634615384615385 0.28125 0.02403846153846154 0.06971153846153846
1 0.5048076923076923 0.5336538461538461 0.04326923076923077 0.06490384615384616
1 0.5084134615384616 0.5372596153846154 0.040865384615384616 0.052884615384615384
4 0.6418269230769231 0.39903846153846156 0.02403846153846154 0.06610576923076923
2 0.6646634615384616 0.5240384615384616 0.018028846153846152 0.08413461538461539
2 0.6766826923076923 0.515625 0.021634615384615384 0.08774038461538461
1 0.8774038461538461 0.5721153846153846 0.24278846153846154 0.6778846153846154