2 0.15985576923076922 0.5444711538461539 0.01201923076923077 0.04447115384615385
1 0.2824519230769231 0.5384615384615384 0.055288461538461536 0.03485576923076923
1 0.2824519230769231 0.5372596153846154 0.05048076923076923 0.038461538461538464
10 0.2860576923076923 0.5192307692307693 0.040865384615384616 0.05048076923076923
10 0.28846153846153844 0.5228365384615384 0.027644230769230768 0.055288461538461536
1 0.38822115384615385 0.5336538461538461 0.040865384615384616 0.05048076923076923
1 0.3918269230769231 0.53125 0.028846153846153848 0.03125
1 0.43028846153846156 0.5384615384615384 0.055288461538461536 0.052884615384615384
1 0.46634615384615385 0.5252403846153846 0.028846153846153848 0.05048076923076923
1 0.4891826923076923 0.53125 0.040865384615384616 0.056490384615384616
1 0.5240384615384616 0.53125 0.05889423076923077 0.0625