1 0.026442307692307692 0.5396634615384616 0.05048076923076923 0.171875
1 0.140625 0.5024038461538461 0.13701923076923078 0.1658653846153846
1 0.19471153846153846 0.5216346153846154 0.10096153846153846 0.11899038461538461
1 0.25600961538461536 0.5060096153846154 0.12139423076923077 0.14423076923076922
1 0.35216346153846156 0.5072115384615384 0.05889423076923077 0.07211538461538461
1 0.38341346153846156 0.49158653846153844 0.03125 0.052884615384615384
1 0.4074519230769231 0.4963942307692308 0.027644230769230768 0.03485576923076923
10 0.45552884615384615 0.47475961538461536 0.02403846153846154 0.046875
1 0.4723557692307692 0.49759615384615385 0.037259615384615384 0.05048076923076923
1 0.5456730769230769 0.49759615384615385 0.040865384615384616 0.04927884615384615
1 0.7307692307692307 0.5480769230769231 0.203125 0.21153846153846154