10 0.06610576923076923 0.5540865384615384 0.13221153846153846 0.0889423076923077
1 0.06610576923076923 0.5576923076923077 0.13221153846153846 0.08774038461538461
2 0.05048076923076923 0.5757211538461539 0.025240384615384616 0.07211538461538461
10 0.13822115384615385 0.546875 0.07211538461538461 0.08413461538461539
1 0.13942307692307693 0.5540865384615384 0.07211538461538461 0.08653846153846154
3 0.1346153846153846 0.43028846153846156 0.021634615384615384 0.06850961538461539
10 0.20072115384615385 0.5444711538461539 0.0625 0.038461538461538464
1 0.19951923076923078 0.5612980769230769 0.06009615384615385 0.055288461538461536
1 0.30288461538461536 0.5697115384615384 0.07451923076923077 0.078125
1 0.33653846153846156 0.5637019230769231 0.03485576923076923 0.06490384615384616
1 0.49278846153846156 0.5612980769230769 0.028846153846153848 0.06610576923076923
1 0.5144230769230769 0.5661057692307693 0.06009615384615385 0.06971153846153846
3 0.5913461538461539 0.3954326923076923 0.028846153846153848 0.08173076923076923
6 0.8185096153846154 0.44471153846153844 0.025240384615384616 0.040865384615384616