1 0.1875 0.5396634615384616 0.08173076923076923 0.056490384615384616
1 0.19110576923076922 0.5432692307692307 0.06850961538461539 0.05048076923076923
1 0.4050480769230769 0.5276442307692307 0.05048076923076923 0.04326923076923077
1 0.4675480769230769 0.5252403846153846 0.037259615384615384 0.040865384615384616
1 0.5336538461538461 0.5084134615384616 0.08052884615384616 0.1346153846153846
10 0.5300480769230769 0.5108173076923077 0.06610576923076923 0.13221153846153846
1 0.5721153846153846 0.5204326923076923 0.040865384615384616 0.0625
1 0.6382211538461539 0.5144230769230769 0.037259615384615384 0.04447115384615385
1 0.7007211538461539 0.5144230769230769 0.03125 0.04326923076923077
1 0.7620192307692307 0.5144230769230769 0.06490384615384616 0.05048076923076923
1 0.9447115384615384 0.48197115384615385 0.10576923076923077 0.08653846153846154