1 0.07572115384615384 0.5480769230769231 0.08052884615384616 0.04326923076923077
10 0.22115384615384615 0.46153846153846156 0.18389423076923078 0.27403846153846156
1 0.21995192307692307 0.4963942307692308 0.171875 0.25961538461538464
1 0.4050480769230769 0.5240384615384616 0.056490384615384616 0.06971153846153846
10 0.45552884615384615 0.5048076923076923 0.03485576923076923 0.06009615384615385
1 0.4567307692307692 0.5024038461538461 0.037259615384615384 0.05048076923076923
1 0.46274038461538464 0.484375 0.028846153846153848 0.04447115384615385
1 0.5048076923076923 0.5144230769230769 0.04927884615384615 0.056490384615384616
1 0.7668269230769231 0.4807692307692308 0.056490384615384616 0.03485576923076923
2 0.8185096153846154 0.5432692307692307 0.04447115384615385 0.1310096153846154
1 0.8774038461538461 0.46634615384615385 0.078125 0.040865384615384616