1 0.9519230769230769 0.5096153846153846 0.09375 0.10336538461538461
4 0.1466346153846154 0.37740384615384615 0.02403846153846154 0.052884615384615384
1 0.2848557692307692 0.5168269230769231 0.06009615384615385 0.09014423076923077
1 0.33052884615384615 0.5192307692307693 0.038461538461538464 0.05889423076923077
1 0.3329326923076923 0.5180288461538461 0.03125 0.0625
1 0.36177884615384615 0.5060096153846154 0.04326923076923077 0.055288461538461536
1 0.3605769230769231 0.5120192307692307 0.03125 0.06490384615384616
1 0.38822115384615385 0.5084134615384616 0.019230769230769232 0.055288461538461536
1 0.4026442307692308 0.5024038461538461 0.021634615384615384 0.05048076923076923
1 0.49759615384615385 0.5024038461538461 0.046875 0.07211538461538461
4 0.5252403846153846 0.23197115384615385 0.021634615384615384 0.04326923076923077
1 0.5637019230769231 0.5024038461538461 0.046875 0.07451923076923077
4 0.6826923076923077 0.36778846153846156 0.027644230769230768 0.0625
4 0.6838942307692307 0.3545673076923077 0.027644230769230768 0.06850961538461539