1 0.14543269230769232 0.5024038461538461 0.16947115384615385 0.15264423076923078
1 0.24519230769230768 0.5072115384615384 0.06009615384615385 0.109375
6 0.35216346153846156 0.44350961538461536 0.018028846153846152 0.03365384615384615
1 0.4230769230769231 0.49158653846153844 0.027644230769230768 0.055288461538461536
1 0.45552884615384615 0.484375 0.07211538461538461 0.09134615384615384
1 0.4639423076923077 0.49158653846153844 0.046875 0.078125
6 0.4987980769230769 0.38822115384615385 0.013221153846153846 0.03125
6 0.5456730769230769 0.3954326923076923 0.015625 0.03125
6 0.6274038461538461 0.4375 0.018028846153846152 0.03485576923076923
1 0.6574519230769231 0.5012019230769231 0.0625 0.06850961538461539
1 0.6550480769230769 0.5060096153846154 0.05048076923076923 0.07572115384615384
6 0.6911057692307693 0.41586538461538464 0.027644230769230768 0.06850961538461539
6 0.6911057692307693 0.41346153846153844 0.025240384615384616 0.06610576923076923
1 0.7584134615384616 0.5408653846153846 0.14302884615384615 0.13221153846153846