10 0.8894230769230769 0.5372596153846154 0.21875 0.390625
1 0.04927884615384615 0.5492788461538461 0.06490384615384616 0.11177884615384616
1 0.06009615384615385 0.5492788461538461 0.08173076923076923 0.12860576923076922
1 0.19110576923076922 0.5456730769230769 0.24639423076923078 0.15384615384615385
2 0.3786057692307692 0.5336538461538461 0.038461538461538464 0.140625
2 0.3786057692307692 0.53125 0.03125 0.13701923076923078
2 0.44591346153846156 0.5492788461538461 0.040865384615384616 0.23798076923076922
2 0.4495192307692308 0.5480769230769231 0.04447115384615385 0.23677884615384615
2 0.46634615384615385 0.5480769230769231 0.021634615384615384 0.20673076923076922
2 0.4735576923076923 0.5384615384615384 0.021634615384615384 0.21153846153846154
2 0.5276442307692307 0.4795673076923077 0.03365384615384615 0.1346153846153846
2 0.5288461538461539 0.4855769230769231 0.03485576923076923 0.14903846153846154