2 0.9086538461538461 0.5228365384615384 0.038461538461538464 0.171875
2 0.8774038461538461 0.5276442307692307 0.03365384615384615 0.13221153846153846
2 0.8088942307692307 0.4987980769230769 0.028846153846153848 0.12259615384615384
2 0.7115384615384616 0.5132211538461539 0.03125 0.08774038461538461
2 0.7319711538461539 0.5108173076923077 0.03485576923076923 0.14302884615384615
1 0.1502403846153846 0.5540865384615384 0.16947115384615385 0.17548076923076922
1 0.22956730769230768 0.5132211538461539 0.056490384615384616 0.08774038461538461
1 0.33052884615384615 0.5084134615384616 0.05048076923076923 0.06009615384615385
1 0.41346153846153844 0.5048076923076923 0.052884615384615384 0.078125
1 0.5192307692307693 0.5072115384615384 0.03485576923076923 0.09975961538461539
2 0.5600961538461539 0.6237980769230769 0.06850961538461539 0.45913461538461536
2 0.6502403846153846 0.6105769230769231 0.13822115384615385 0.5432692307692307
2 0.7692307692307693 0.5012019230769231 0.037259615384615384 0.15264423076923078