0 0.20552884615384615 0.4951923076923077 0.046875 0.08052884615384616
0 0.203125 0.49759615384615385 0.040865384615384616 0.06490384615384616
7 0.20552884615384615 0.42908653846153844 0.013221153846153846 0.040865384615384616
7 0.20552884615384615 0.43149038461538464 0.015625 0.03365384615384615
1 0.2980769230769231 0.49759615384615385 0.08052884615384616 0.06009615384615385
1 0.30288461538461536 0.49278846153846156 0.07451923076923077 0.037259615384615384
1 0.31971153846153844 0.49399038461538464 0.07451923076923077 0.078125
7 0.34975961538461536 0.36658653846153844 0.019230769230769232 0.04326923076923077
7 0.35096153846153844 0.36658653846153844 0.009615384615384616 0.03125
1 0.3713942307692308 0.4855769230769231 0.03485576923076923 0.046875
6 0.41346153846153844 0.3605769230769231 0.018028846153846152 0.05048076923076923
6 0.41346153846153844 0.35216346153846156 0.01201923076923077 0.028846153846153848
6 0.5108173076923077 0.41586538461538464 0.013221153846153846 0.04326923076923077
6 0.5372596153846154 0.36538461538461536 0.015625 0.04326923076923077
1 0.6514423076923077 0.46634615384615385 0.11778846153846154 0.05889423076923077
1 0.6526442307692307 0.4651442307692308 0.08774038461538461 0.056490384615384616
2 0.640625 0.4831730769230769 0.027644230769230768 0.10336538461538461