1 0.15504807692307693 0.5048076923076923 0.1502403846153846 0.140625
1 0.25 0.4855769230769231 0.03485576923076923 0.08173076923076923
1 0.2956730769230769 0.49399038461538464 0.052884615384615384 0.05889423076923077
3 0.30528846153846156 0.2932692307692308 0.018028846153846152 0.055288461538461536
4 0.40865384615384615 0.3016826923076923 0.015625 0.05048076923076923
1 0.4879807692307692 0.5012019230769231 0.07572115384615384 0.09975961538461539
4 0.4891826923076923 0.29447115384615385 0.019230769230769232 0.05889423076923077
1 0.5757211538461539 0.48197115384615385 0.028846153846153848 0.03365384615384615
1 0.6802884615384616 0.47596153846153844 0.038461538461538464 0.040865384615384616
4 0.6802884615384616 0.3942307692307692 0.018028846153846152 0.05048076923076923
1 0.8100961538461539 0.4879807692307692 0.09735576923076923 0.06610576923076923