3 0.3161057692307692 0.45072115384615385 0.013221153846153846 0.03125
1 0.38822115384615385 0.49278846153846156 0.025240384615384616 0.03365384615384615
10 0.41586538461538464 0.47836538461538464 0.04447115384615385 0.07451923076923077
10 0.41586538461538464 0.4735576923076923 0.040865384615384616 0.056490384615384616
1 0.44711538461538464 0.5 0.04927884615384615 0.056490384615384616
4 0.45072115384615385 0.40384615384615385 0.018028846153846152 0.037259615384615384
1 0.4951923076923077 0.4891826923076923 0.03365384615384615 0.038461538461538464
4 0.5132211538461539 0.40625 0.02403846153846154 0.037259615384615384
1 0.5564903846153846 0.49759615384615385 0.040865384615384616 0.04326923076923077
4 0.5552884615384616 0.44711538461538464 0.015625 0.028846153846153848
4 0.5877403846153846 0.43990384615384615 0.018028846153846152 0.027644230769230768
4 0.5901442307692307 0.4362980769230769 0.009615384615384616 0.037259615384615384
1 0.7127403846153846 0.5396634615384616 0.17427884615384615 0.20673076923076922