1 0.018028846153846152 0.53125 0.028846153846153848 0.04927884615384615
6 0.0625 0.43990384615384615 0.021634615384615384 0.04326923076923077
7 0.06490384615384616 0.45913461538461536 0.018028846153846152 0.04927884615384615
1 0.12740384615384615 0.5204326923076923 0.03485576923076923 0.04447115384615385
1 0.17307692307692307 0.5144230769230769 0.03485576923076923 0.04326923076923077
1 0.22115384615384615 0.5072115384615384 0.04927884615384615 0.055288461538461536
7 0.21394230769230768 0.36899038461538464 0.019230769230769232 0.055288461538461536
1 0.42788461538461536 0.5817307692307693 0.39302884615384615 0.5552884615384616
1 0.265625 0.5084134615384616 0.05048076923076923 0.09014423076923077
6 0.5853365384615384 0.3629807692307692 0.03365384615384615 0.06009615384615385
1 0.6670673076923077 0.5288461538461539 0.109375 0.10576923076923077
2 0.7764423076923077 0.5264423076923077 0.06971153846153846 0.19110576923076922
2 0.7776442307692307 0.5204326923076923 0.03485576923076923 0.14423076923076922
1 0.9350961538461539 0.6682692307692307 0.12740384615384615 0.31009615384615385