2 0.49759615384615385 0.5240384615384616 0.018028846153846152 0.06971153846153846
1 0.09134615384615384 0.578125 0.15384615384615385 0.1502403846153846
1 0.2860576923076923 0.5384615384615384 0.0625 0.08774038461538461
1 0.2848557692307692 0.5336538461538461 0.056490384615384616 0.08052884615384616
4 0.29447115384615385 0.45072115384615385 0.015625 0.04326923076923077
1 0.3798076923076923 0.5612980769230769 0.12139423076923077 0.15384615384615385
1 0.44471153846153844 0.5252403846153846 0.04326923076923077 0.09615384615384616
4 0.4831730769230769 0.4375 0.018028846153846152 0.038461538461538464
4 0.4831730769230769 0.4411057692307692 0.018028846153846152 0.04326923076923077
1 0.5721153846153846 0.53125 0.08774038461538461 0.11177884615384616
1 0.6995192307692307 0.5132211538461539 0.1502403846153846 0.08413461538461539