2 0.39903846153846156 0.5564903846153846 0.013221153846153846 0.05889423076923077
2 0.38822115384615385 0.5552884615384616 0.01201923076923077 0.056490384615384616
2 0.37259615384615385 0.5576923076923077 0.013221153846153846 0.052884615384615384
1 0.23557692307692307 0.5709134615384616 0.052884615384615384 0.055288461538461536
2 0.23798076923076922 0.5721153846153846 0.04326923076923077 0.055288461538461536
2 0.45072115384615385 0.5432692307692307 0.021634615384615384 0.09134615384615384
2 0.45072115384615385 0.5504807692307693 0.018028846153846152 0.08173076923076923
2 0.47115384615384615 0.5432692307692307 0.021634615384615384 0.08774038461538461
2 0.4699519230769231 0.5384615384615384 0.015625 0.09014423076923077
2 0.49278846153846156 0.5396634615384616 0.027644230769230768 0.10336538461538461
2 0.49278846153846156 0.5384615384615384 0.021634615384615384 0.10096153846153846
1 0.8858173076923077 0.5420673076923077 0.22596153846153846 0.1935096153846154