1 0.9038461538461539 0.6045673076923077 0.18990384615384615 0.28365384615384615
1 0.1778846153846154 0.5372596153846154 0.140625 0.1466346153846154
1 0.30649038461538464 0.5168269230769231 0.07572115384615384 0.08413461538461539
1 0.3557692307692308 0.5060096153846154 0.04326923076923077 0.07451923076923077
1 0.43149038461538464 0.4951923076923077 0.06009615384615385 0.0625
1 0.4266826923076923 0.49278846153846156 0.05048076923076923 0.06490384615384616
1 0.5745192307692307 0.4987980769230769 0.037259615384615384 0.08173076923076923
1 0.6105769230769231 0.5012019230769231 0.038461538461538464 0.09735576923076923
1 0.6394230769230769 0.5060096153846154 0.052884615384615384 0.11899038461538461
1 0.6899038461538461 0.5228365384615384 0.10096153846153846 0.14423076923076922
1 0.8112980769230769 0.515625 0.2091346153846154 0.24278846153846154