6 0.09014423076923077 0.3918269230769231 0.019230769230769232 0.037259615384615384
1 0.12379807692307693 0.48677884615384615 0.04447115384615385 0.040865384615384616
6 0.13581730769230768 0.3894230769230769 0.019230769230769232 0.03365384615384615
1 0.20552884615384615 0.47836538461538464 0.04927884615384615 0.056490384615384616
1 0.20793269230769232 0.4807692307692308 0.04447115384615385 0.05048076923076923
6 0.19110576923076922 0.43149038461538464 0.01201923076923077 0.03125
1 0.24519230769230768 0.47596153846153844 0.055288461538461536 0.038461538461538464
1 0.24759615384615385 0.47596153846153844 0.04927884615384615 0.052884615384615384
1 0.28846153846153844 0.47475961538461536 0.04326923076923077 0.055288461538461536
1 0.2932692307692308 0.4807692307692308 0.04927884615384615 0.04927884615384615
1 0.32211538461538464 0.4735576923076923 0.028846153846153848 0.04326923076923077
1 0.3473557692307692 0.47475961538461536 0.028846153846153848 0.056490384615384616
1 0.3918269230769231 0.47475961538461536 0.06009615384615385 0.078125
1 0.4519230769230769 0.47836538461538464 0.04927884615384615 0.06490384615384616
1 0.45552884615384615 0.47475961538461536 0.052884615384615384 0.06971153846153846
1 0.48677884615384615 0.48197115384615385 0.046875 0.078125
1 0.4951923076923077 0.4831730769230769 0.04927884615384615 0.06490384615384616
1 0.5348557692307693 0.48197115384615385 0.06971153846153846 0.06850961538461539
1 0.5336538461538461 0.484375 0.04447115384615385 0.0625
1 0.5829326923076923 0.49278846153846156 0.046875 0.09014423076923077
1 0.6682692307692307 0.484375 0.1346153846153846 0.125