1 0.06610576923076923 0.5444711538461539 0.09375 0.109375
1 0.15144230769230768 0.5384615384615384 0.08052884615384616 0.09975961538461539
7 0.18389423076923078 0.2620192307692308 0.021634615384615384 0.06610576923076923
1 0.20673076923076922 0.5324519230769231 0.028846153846153848 0.052884615384615384
1 0.23317307692307693 0.5264423076923077 0.028846153846153848 0.06009615384615385
4 0.3293269230769231 0.23677884615384615 0.021634615384615384 0.07451923076923077
1 0.40625 0.5372596153846154 0.052884615384615384 0.06971153846153846
1 0.4387019230769231 0.5216346153846154 0.027644230769230768 0.056490384615384616
1 0.4362980769230769 0.5240384615384616 0.018028846153846152 0.038461538461538464
4 0.45072115384615385 0.25240384615384615 0.018028846153846152 0.06490384615384616
4 0.6899038461538461 0.38822115384615385 0.027644230769230768 0.06850961538461539
2 0.7127403846153846 0.5288461538461539 0.06850961538461539 0.11177884615384616
4 0.6899038461538461 0.3858173076923077 0.018028846153846152 0.04927884615384615
0 0.7055288461538461 0.5252403846153846 0.02403846153846154 0.109375