1 0.046875 0.5432692307692307 0.09375 0.16826923076923078
1 0.1935096153846154 0.5372596153846154 0.203125 0.234375
7 0.25 0.33774038461538464 0.018028846153846152 0.046875
6 0.2536057692307692 0.3317307692307692 0.019230769230769232 0.03125
1 0.48197115384615385 0.6502403846153846 0.3942307692307692 0.47475961538461536
7 0.3076923076923077 0.3317307692307692 0.019230769230769232 0.052884615384615384
1 0.31971153846153844 0.49399038461538464 0.040865384615384616 0.04326923076923077
6 0.31009615384615385 0.32572115384615385 0.019230769230769232 0.03125
6 0.390625 0.33653846153846156 0.015625 0.04447115384615385
6 0.45072115384615385 0.33533653846153844 0.021634615384615384 0.046875
6 0.5697115384615384 0.39302884615384615 0.019230769230769232 0.03485576923076923
1 0.8305288461538461 0.5132211538461539 0.109375 0.140625
1 0.8882211538461539 0.4735576923076923 0.052884615384615384 0.08052884615384616