2 0.6574519230769231 0.49399038461538464 0.009615384615384616 0.040865384615384616
1 0.6105769230769231 0.5060096153846154 0.06971153846153846 0.0625
2 0.042067307692307696 0.5600961538461539 0.08173076923076923 0.37259615384615385
1 0.0985576923076923 0.5456730769230769 0.19110576923076922 0.14903846153846154
7 0.08052884615384616 0.42427884615384615 0.027644230769230768 0.06009615384615385
7 0.08052884615384616 0.42427884615384615 0.015625 0.04447115384615385
1 0.18990384615384615 0.5024038461538461 0.06971153846153846 0.06971153846153846
1 0.2956730769230769 0.53125 0.25240384615384615 0.11298076923076923
1 0.3473557692307692 0.45552884615384615 0.09615384615384616 0.11899038461538461
10 0.3485576923076923 0.4519230769230769 0.09134615384615384 0.11899038461538461
2 0.39302884615384615 0.49759615384615385 0.019230769230769232 0.078125
2 0.40384615384615385 0.5036057692307693 0.018028846153846152 0.06850961538461539
7 0.46274038461538464 0.3173076923076923 0.018028846153846152 0.055288461538461536
2 0.5480769230769231 0.5733173076923077 0.07572115384615384 0.34615384615384615
6 0.5324519230769231 0.32211538461538464 0.021634615384615384 0.06850961538461539
6 0.6634615384615384 0.40024038461538464 0.019230769230769232 0.0625
1 0.9459134615384616 0.5036057692307693 0.10336538461538461 0.10096153846153846