1 0.32572115384615385 0.5084134615384616 0.025240384615384616 0.03485576923076923
1 0.11057692307692307 0.5745192307692307 0.21514423076923078 0.24759615384615385
3 0.07692307692307693 0.19831730769230768 0.04326923076923077 0.11778846153846154
1 0.23197115384615385 0.5024038461538461 0.040865384615384616 0.06610576923076923
1 0.27163461538461536 0.5252403846153846 0.10336538461538461 0.10096153846153846
1 0.2692307692307692 0.5192307692307693 0.07211538461538461 0.07572115384615384
3 0.2704326923076923 0.1875 0.03485576923076923 0.09735576923076923
4 0.27283653846153844 0.17908653846153846 0.027644230769230768 0.08173076923076923
1 0.4567307692307692 0.5564903846153846 0.15384615384615385 0.22596153846153846
3 0.4375 0.20432692307692307 0.025240384615384616 0.08774038461538461
4 0.6947115384615384 0.36177884615384615 0.04326923076923077 0.09615384615384616
4 0.6971153846153846 0.3557692307692308 0.02403846153846154 0.08653846153846154