1 0.07932692307692307 0.5685096153846154 0.09014423076923077 0.06610576923076923
1 0.0733173076923077 0.5697115384615384 0.07451923076923077 0.06971153846153846
1 0.140625 0.5588942307692307 0.0625 0.055288461538461536
1 0.14783653846153846 0.5552884615384616 0.055288461538461536 0.06971153846153846
1 0.2247596153846154 0.5588942307692307 0.07211538461538461 0.08774038461538461
1 0.31971153846153844 0.5324519230769231 0.04447115384615385 0.055288461538461536
1 0.32091346153846156 0.53125 0.04326923076923077 0.06009615384615385
1 0.4495192307692308 0.5925480769230769 0.24639423076923078 0.29447115384615385
6 0.44591346153846156 0.43028846153846156 0.01201923076923077 0.03485576923076923
1 0.6213942307692307 0.49158653846153844 0.04447115384615385 0.04326923076923077
2 0.6850961538461539 0.5240384615384616 0.02403846153846154 0.10096153846153846
2 0.6838942307692307 0.5180288461538461 0.009615384615384616 0.09735576923076923