1 0.1778846153846154 0.5432692307692307 0.046875 0.055288461538461536
1 0.12139423076923077 0.5420673076923077 0.06610576923076923 0.06971153846153846
1 0.33052884615384615 0.6526442307692307 0.33052884615384615 0.4254807692307692
7 0.2800480769230769 0.27884615384615385 0.02403846153846154 0.06610576923076923
6 0.390625 0.28725961538461536 0.02403846153846154 0.07451923076923077
1 0.5625 0.5372596153846154 0.14423076923076922 0.08653846153846154
0 0.5096153846153846 0.5300480769230769 0.03365384615384615 0.07451923076923077
2 0.5252403846153846 0.5024038461538461 0.015625 0.038461538461538464
2 0.5360576923076923 0.5072115384615384 0.013221153846153846 0.04927884615384615
6 0.5637019230769231 0.41225961538461536 0.025240384615384616 0.06610576923076923
0 0.6634615384615384 0.5252403846153846 0.021634615384615384 0.08413461538461539
2 0.6766826923076923 0.5252403846153846 0.019230769230769232 0.08653846153846154
2 0.6995192307692307 0.5252403846153846 0.019230769230769232 0.078125
2 0.7007211538461539 0.5300480769230769 0.019230769230769232 0.07451923076923077