0 0.010817307692307692 0.5504807692307693 0.019230769230769232 0.08653846153846154
1 0.11177884615384616 0.5300480769230769 0.10096153846153846 0.10336538461538461
1 0.18870192307692307 0.5420673076923077 0.07451923076923077 0.06610576923076923
1 0.1971153846153846 0.5096153846153846 0.06850961538461539 0.06009615384615385
10 0.2860576923076923 0.48197115384615385 0.11538461538461539 0.16826923076923078
1 0.3581730769230769 0.5264423076923077 0.037259615384615384 0.037259615384615384
1 0.38461538461538464 0.5180288461538461 0.038461538461538464 0.04326923076923077
7 0.421875 0.31850961538461536 0.019230769230769232 0.06009615384615385
6 0.5 0.3173076923076923 0.02403846153846154 0.06490384615384616
1 0.5480769230769231 0.5168269230769231 0.027644230769230768 0.037259615384615384
6 0.6442307692307693 0.41466346153846156 0.027644230769230768 0.06971153846153846