10 0.20793269230769232 0.5252403846153846 0.040865384615384616 0.05048076923076923
1 0.2091346153846154 0.5204326923076923 0.03365384615384615 0.055288461538461536
1 0.21995192307692307 0.5324519230769231 0.04927884615384615 0.038461538461538464
1 0.21754807692307693 0.5336538461538461 0.04326923076923077 0.03365384615384615
7 0.24759615384615385 0.49158653846153844 0.009615384615384616 0.025240384615384616
1 0.28365384615384615 0.5252403846153846 0.021634615384615384 0.025240384615384616
1 0.30408653846153844 0.5216346153846154 0.027644230769230768 0.027644230769230768
1 0.3401442307692308 0.5240384615384616 0.02403846153846154 0.04927884615384615
7 0.35096153846153844 0.43990384615384615 0.01201923076923077 0.025240384615384616
1 0.37259615384615385 0.5288461538461539 0.04326923076923077 0.06490384615384616
1 0.3918269230769231 0.5192307692307693 0.027644230769230768 0.03125
4 0.39302884615384615 0.4362980769230769 0.009615384615384616 0.02403846153846154
1 0.4266826923076923 0.5396634615384616 0.06971153846153846 0.08413461538461539