1 0.0673076923076923 0.6225961538461539 0.1346153846153846 0.3629807692307692
1 0.16947115384615385 0.5396634615384616 0.04326923076923077 0.05048076923076923
1 0.3293269230769231 0.6574519230769231 0.328125 0.41225961538461536
3 0.2776442307692308 0.2800480769230769 0.025240384615384616 0.06610576923076923
3 0.38822115384615385 0.2860576923076923 0.025240384615384616 0.07572115384615384
3 0.5637019230769231 0.41466346153846156 0.027644230769230768 0.078125
2 0.5600961538461539 0.5228365384615384 0.019230769230769232 0.078125
2 0.5757211538461539 0.5204326923076923 0.018028846153846152 0.08173076923076923
2 0.5901442307692307 0.5240384615384616 0.019230769230769232 0.08413461538461539
2 0.6069711538461539 0.5228365384615384 0.025240384615384616 0.09134615384615384
0 0.6274038461538461 0.5288461538461539 0.03365384615384615 0.09134615384615384
0 0.6538461538461539 0.5264423076923077 0.03365384615384615 0.09014423076923077
2 0.6862980769230769 0.5240384615384616 0.021634615384615384 0.08774038461538461
2 0.7007211538461539 0.5288461538461539 0.025240384615384616 0.08774038461538461
2 0.7247596153846154 0.5216346153846154 0.021634615384615384 0.08774038461538461
2 0.7692307692307693 0.5192307692307693 0.028846153846153848 0.11778846153846154
1 0.9507211538461539 0.5216346153846154 0.09615384615384616 0.08413461538461539