1 0.22355769230769232 0.5300480769230769 0.052884615384615384 0.07572115384615384
1 0.22596153846153846 0.5252403846153846 0.05048076923076923 0.0625
7 0.28725961538461536 0.44711538461538464 0.019230769230769232 0.04447115384615385
7 0.28846153846153844 0.4519230769230769 0.019230769230769232 0.052884615384615384
1 0.3713942307692308 0.5240384615384616 0.04447115384615385 0.06850961538461539
1 0.43509615384615385 0.5552884615384616 0.10576923076923077 0.1310096153846154
1 0.44350961538461536 0.44471153846153844 0.09735576923076923 0.11538461538461539
10 0.43990384615384615 0.46274038461538464 0.08173076923076923 0.12259615384615384
4 0.44350961538461536 0.32091346153846156 0.027644230769230768 0.06610576923076923
4 0.44350961538461536 0.3233173076923077 0.019230769230769232 0.05048076923076923
4 0.5600961538461539 0.43028846153846156 0.015625 0.05048076923076923
2 0.5817307692307693 0.5216346153846154 0.025240384615384616 0.06009615384615385
5 0.6814903846153846 0.29447115384615385 0.037259615384615384 0.07451923076923077
4 0.6850961538461539 0.2980769230769231 0.027644230769230768 0.08653846153846154