5 0.05889423076923077 0.44350961538461536 0.037259615384615384 0.16346153846153846
1 0.08774038461538461 0.5829326923076923 0.1310096153846154 0.09975961538461539
1 0.09134615384615384 0.5757211538461539 0.13221153846153846 0.10336538461538461
1 0.30649038461538464 0.5612980769230769 0.14903846153846154 0.16346153846153846
1 0.390625 0.5444711538461539 0.04447115384615385 0.056490384615384616
5 0.4411057692307692 0.47836538461538464 0.01201923076923077 0.04326923076923077
1 0.48197115384615385 0.53125 0.028846153846153848 0.04326923076923077
4 0.6237980769230769 0.34615384615384615 0.021634615384615384 0.05048076923076923
4 0.6237980769230769 0.35336538461538464 0.01201923076923077 0.038461538461538464
1 0.7331730769230769 0.5372596153846154 0.08774038461538461 0.08173076923076923
4 0.7475961538461539 0.4483173076923077 0.01201923076923077 0.03365384615384615