1 0.052884615384615384 0.5324519230769231 0.10576923076923077 0.2091346153846154
1 0.06850961538461539 0.4891826923076923 0.09975961538461539 0.08774038461538461
1 0.19230769230769232 0.5336538461538461 0.21514423076923078 0.26802884615384615
1 0.20072115384615385 0.5252403846153846 0.1971153846153846 0.20072115384615385
4 0.25240384615384615 0.3389423076923077 0.02403846153846154 0.06490384615384616
5 0.2536057692307692 0.33533653846153844 0.019230769230769232 0.05048076923076923
1 0.5024038461538461 0.6670673076923077 0.46153846153846156 0.5625
3 0.30649038461538464 0.3389423076923077 0.019230769230769232 0.05048076923076923
6 0.3870192307692308 0.33653846153846156 0.019230769230769232 0.055288461538461536
6 0.3918269230769231 0.3329326923076923 0.018028846153846152 0.046875
6 0.44591346153846156 0.34134615384615385 0.03365384615384615 0.07451923076923077
6 0.44591346153846156 0.34134615384615385 0.018028846153846152 0.04927884615384615
6 0.5697115384615384 0.41466346153846156 0.018028846153846152 0.06009615384615385
6 0.5721153846153846 0.40625 0.018028846153846152 0.04447115384615385
1 0.8365384615384616 0.48197115384615385 0.13701923076923078 0.08413461538461539