1 0.06850961538461539 0.5685096153846154 0.1346153846153846 0.14903846153846154
1 0.21634615384615385 0.5420673076923077 0.06009615384615385 0.06610576923076923
1 0.21754807692307693 0.5444711538461539 0.056490384615384616 0.07451923076923077
1 0.234375 0.5132211538461539 0.03125 0.03365384615384615
1 0.25721153846153844 0.5336538461538461 0.03125 0.06009615384615385
1 0.2956730769230769 0.5168269230769231 0.05889423076923077 0.06971153846153846
1 0.2980769230769231 0.5144230769230769 0.05889423076923077 0.06490384615384616
1 0.40625 0.49278846153846156 0.038461538461538464 0.052884615384615384
1 0.5288461538461539 0.49399038461538464 0.025240384615384616 0.055288461538461536
1 0.5625 0.5 0.06009615384615385 0.10336538461538461
1 0.6478365384615384 0.5 0.13701923076923078 0.20673076923076922
1 0.6430288461538461 0.5048076923076923 0.12860576923076922 0.1935096153846154
1 0.7524038461538461 0.47115384615384615 0.06971153846153846 0.109375
1 0.8617788461538461 0.4495192307692308 0.18389423076923078 0.12139423076923077