1 0.08052884615384616 0.6021634615384616 0.15985576923076922 0.24759615384615385
6 0.15264423076923078 0.44471153846153844 0.018028846153846152 0.040865384615384616
1 0.20192307692307693 0.5444711538461539 0.07572115384615384 0.08052884615384616
1 0.19951923076923078 0.5 0.055288461538461536 0.056490384615384616
1 0.20793269230769232 0.5420673076923077 0.07211538461538461 0.06971153846153846
1 0.2860576923076923 0.5372596153846154 0.08413461538461539 0.10336538461538461
1 0.28725961538461536 0.5372596153846154 0.08653846153846154 0.09615384615384616
7 0.36177884615384615 0.37740384615384615 0.015625 0.04927884615384615
6 0.3629807692307692 0.37259615384615385 0.013221153846153846 0.037259615384615384
4 0.42908653846153844 0.3762019230769231 0.021634615384615384 0.04927884615384615
4 0.43028846153846156 0.38822115384615385 0.019230769230769232 0.028846153846153848
4 0.5288461538461539 0.44591346153846156 0.02403846153846154 0.05048076923076923
4 0.53125 0.4579326923076923 0.013221153846153846 0.03365384615384615
4 0.6045673076923077 0.40024038461538464 0.019230769230769232 0.055288461538461536
4 0.6033653846153846 0.41346153846153844 0.013221153846153846 0.028846153846153848
1 0.6514423076923077 0.5036057692307693 0.08173076923076923 0.05048076923076923
1 0.6490384615384616 0.5012019230769231 0.07451923076923077 0.05889423076923077
1 0.7079326923076923 0.5024038461538461 0.038461538461538464 0.046875
1 0.7127403846153846 0.49759615384615385 0.04447115384615385 0.037259615384615384
1 0.7680288461538461 0.5024038461538461 0.04447115384615385 0.052884615384615384
1 0.7884615384615384 0.49278846153846156 0.06850961538461539 0.05048076923076923
1 0.8293269230769231 0.5 0.09014423076923077 0.052884615384615384
1 0.8341346153846154 0.4963942307692308 0.08653846153846154 0.040865384615384616
1 0.9038461538461539 0.49278846153846156 0.052884615384615384 0.04447115384615385