1 0.1466346153846154 0.5865384615384616 0.1658653846153846 0.1622596153846154
1 0.22716346153846154 0.5661057692307693 0.06850961538461539 0.109375
1 0.2247596153846154 0.5612980769230769 0.056490384615384616 0.109375
1 0.26322115384615385 0.5576923076923077 0.06850961538461539 0.09134615384615384
1 0.2644230769230769 0.5540865384615384 0.038461538461538464 0.09014423076923077
1 0.3137019230769231 0.5288461538461539 0.06490384615384616 0.08774038461538461
1 0.31490384615384615 0.5360576923076923 0.055288461538461536 0.08653846153846154
1 0.35697115384615385 0.5336538461538461 0.028846153846153848 0.038461538461538464
1 0.46033653846153844 0.5288461538461539 0.03125 0.038461538461538464
1 0.5024038461538461 0.5456730769230769 0.027644230769230768 0.078125
1 0.5336538461538461 0.5528846153846154 0.08653846153846154 0.09735576923076923
1 0.6658653846153846 0.5877403846153846 0.17427884615384615 0.24759615384615385
1 0.6598557692307693 0.5997596153846154 0.15384615384615385 0.25
1 0.8197115384615384 0.6802884615384616 0.35336538461538464 0.42427884615384615
1 0.8209134615384616 0.6742788461538461 0.35096153846153844 0.4338942307692308