10 0.06490384615384616 0.5036057692307693 0.12860576923076922 0.12139423076923077
10 0.04927884615384615 0.5072115384615384 0.09735576923076923 0.11177884615384616
1 0.09735576923076923 0.578125 0.12860576923076922 0.17427884615384615
1 0.2860576923076923 0.5901442307692307 0.31850961538461536 0.4098557692307692
3 0.3161057692307692 0.3293269230769231 0.019230769230769232 0.0625
6 0.41346153846153844 0.3269230769230769 0.02403846153846154 0.052884615384615384
6 0.41586538461538464 0.33653846153846156 0.018028846153846152 0.055288461538461536
6 0.49158653846153844 0.3293269230769231 0.02403846153846154 0.06490384615384616
6 0.49278846153846156 0.328125 0.018028846153846152 0.046875
1 0.5240384615384616 0.5084134615384616 0.05889423076923077 0.07451923076923077
10 0.5252403846153846 0.5024038461538461 0.037259615384615384 0.0625
1 0.5769230769230769 0.5288461538461539 0.09134615384615384 0.08173076923076923
1 0.5757211538461539 0.5288461538461539 0.078125 0.07572115384615384
1 0.6322115384615384 0.5432692307692307 0.04447115384615385 0.11778846153846154
1 0.7980769230769231 0.6322115384615384 0.375 0.36538461538461536
6 0.6790865384615384 0.4206730769230769 0.019230769230769232 0.055288461538461536
1 0.7848557692307693 0.53125 0.10336538461538461 0.13221153846153846
6 0.9314903846153846 0.25721153846153844 0.05889423076923077 0.16346153846153846
1 0.9423076923076923 0.5192307692307693 0.08052884615384616 0.06009615384615385
2 0.9615384615384616 0.5240384615384616 0.025240384615384616 0.06610576923076923