2 0.9435096153846154 0.5492788461538461 0.025240384615384616 0.11298076923076923
1 0.020432692307692308 0.5600961538461539 0.040865384615384616 0.12860576923076922
1 0.02283653846153846 0.578125 0.03485576923076923 0.18389423076923078
1 0.08774038461538461 0.5805288461538461 0.12860576923076922 0.18028846153846154
10 0.08413461538461539 0.49038461538461536 0.11177884615384616 0.09014423076923077
1 0.28365384615384615 0.5913461538461539 0.33052884615384615 0.421875
3 0.3173076923076923 0.328125 0.018028846153846152 0.052884615384615384
6 0.41346153846153844 0.32572115384615385 0.019230769230769232 0.04927884615384615
1 0.46634615384615385 0.5276442307692307 0.08052884615384616 0.11538461538461539
1 0.4567307692307692 0.5216346153846154 0.04927884615384615 0.08653846153846154
6 0.49158653846153844 0.32572115384615385 0.019230769230769232 0.055288461538461536
1 0.5324519230769231 0.5252403846153846 0.03485576923076923 0.04447115384615385
1 0.6899038461538461 0.5625 0.1502403846153846 0.171875
6 0.6790865384615384 0.4170673076923077 0.018028846153846152 0.046875
10 0.8209134615384616 0.4807692307692308 0.12860576923076922 0.12139423076923077
1 0.8774038461538461 0.48197115384615385 0.23197115384615385 0.16346153846153846
1 0.8882211538461539 0.5240384615384616 0.1466346153846154 0.08173076923076923
6 0.9290865384615384 0.25721153846153844 0.05048076923076923 0.15384615384615385