1 0.19591346153846154 0.625 0.3713942307692308 0.5408653846153846
1 0.39302884615384615 0.5649038461538461 0.13221153846153846 0.18028846153846154
7 0.34615384615384615 0.42908653846153844 0.019230769230769232 0.055288461538461536
4 0.47475961538461536 0.36177884615384615 0.018028846153846152 0.055288461538461536
1 0.5096153846153846 0.5420673076923077 0.040865384615384616 0.05048076923076923
3 0.5252403846153846 0.43990384615384615 0.018028846153846152 0.052884615384615384
3 0.7055288461538461 0.31490384615384615 0.040865384615384616 0.11899038461538461
2 0.7223557692307693 0.53125 0.019230769230769232 0.06850961538461539
2 0.7403846153846154 0.5216346153846154 0.021634615384615384 0.06610576923076923
1 0.8798076923076923 0.5480769230769231 0.08052884615384616 0.09615384615384616
1 0.9350961538461539 0.5516826923076923 0.09014423076923077 0.10336538461538461
1 0.9747596153846154 0.5420673076923077 0.046875 0.10697115384615384