1 0.05048076923076923 0.5336538461538461 0.10096153846153846 0.11057692307692307
1 0.20552884615384615 0.5072115384615384 0.05048076923076923 0.06610576923076923
1 0.21153846153846154 0.5084134615384616 0.05889423076923077 0.05048076923076923
1 0.27884615384615385 0.5084134615384616 0.10697115384615384 0.11177884615384616
7 0.28846153846153844 0.37259615384615385 0.013221153846153846 0.04326923076923077
4 0.38221153846153844 0.2980769230769231 0.021634615384615384 0.052884615384615384
1 0.42427884615384615 0.4855769230769231 0.028846153846153848 0.03485576923076923
4 0.5709134615384616 0.40384615384615385 0.019230769230769232 0.04326923076923077
4 0.5757211538461539 0.39302884615384615 0.021634615384615384 0.046875
4 0.7199519230769231 0.32211538461538464 0.019230769230769232 0.055288461538461536
4 0.7199519230769231 0.3389423076923077 0.015625 0.038461538461538464