0 0.7403846153846154 0.5288461538461539 0.05889423076923077 0.08774038461538461
0 0.6622596153846154 0.5300480769230769 0.03485576923076923 0.09134615384615384
0 0.6177884615384616 0.5336538461538461 0.052884615384615384 0.08173076923076923
0 0.08653846153846154 0.5480769230769231 0.04447115384615385 0.09014423076923077
2 0.13221153846153846 0.5685096153846154 0.08413461538461539 0.23076923076923078
2 0.109375 0.546875 0.021634615384615384 0.07451923076923077
1 0.33052884615384615 0.6526442307692307 0.33052884615384615 0.41586538461538464
1 0.22596153846153846 0.5084134615384616 0.046875 0.10576923076923077
7 0.2800480769230769 0.27524038461538464 0.019230769230769232 0.0625
6 0.3894230769230769 0.28725961538461536 0.018028846153846152 0.06971153846153846
0 0.5048076923076923 0.53125 0.11298076923076923 0.203125
1 0.5144230769230769 0.5240384615384616 0.056490384615384616 0.08052884615384616
6 0.5625 0.40865384615384615 0.021634615384615384 0.06490384615384616
2 0.6887019230769231 0.4855769230769231 0.021634615384615384 0.04326923076923077
2 0.7067307692307693 0.4807692307692308 0.018028846153846152 0.04326923076923077