1 0.0673076923076923 0.5685096153846154 0.09735576923076923 0.09615384615384616
1 0.057692307692307696 0.5709134615384616 0.07211538461538461 0.10096153846153846
1 0.09615384615384616 0.5444711538461539 0.06971153846153846 0.052884615384615384
1 0.12980769230769232 0.5600961538461539 0.078125 0.08774038461538461
1 0.13341346153846154 0.5625 0.08413461538461539 0.08653846153846154
1 0.20072115384615385 0.5432692307692307 0.07572115384615384 0.06971153846153846
1 0.328125 0.5492788461538461 0.03485576923076923 0.040865384615384616
1 0.4098557692307692 0.5600961538461539 0.09014423076923077 0.11778846153846154
4 0.4074519230769231 0.4543269230769231 0.009615384615384616 0.028846153846153848
4 0.44350961538461536 0.4567307692307692 0.009615384615384616 0.028846153846153848
1 0.8737980769230769 0.49158653846153844 0.203125 0.13822115384615385
1 0.8774038461538461 0.5024038461538461 0.20072115384615385 0.13701923076923078