1 0.16947115384615385 0.49158653846153844 0.040865384615384616 0.06610576923076923
1 0.19831730769230768 0.49278846153846156 0.037259615384615384 0.055288461538461536
1 0.203125 0.49759615384615385 0.021634615384615384 0.04326923076923077
1 0.22596153846153846 0.49158653846153844 0.03365384615384615 0.04326923076923077
1 0.25600961538461536 0.4795673076923077 0.028846153846153848 0.0625
1 0.3088942307692308 0.4807692307692308 0.03365384615384615 0.040865384615384616
3 0.5096153846153846 0.42427884615384615 0.018028846153846152 0.038461538461538464
4 0.5240384615384616 0.43509615384615385 0.015625 0.037259615384615384
8 0.5228365384615384 0.4423076923076923 0.013221153846153846 0.021634615384615384
8 0.5492788461538461 0.4375 0.018028846153846152 0.028846153846153848
4 0.5480769230769231 0.4266826923076923 0.015625 0.04326923076923077
1 0.5600961538461539 0.48197115384615385 0.021634615384615384 0.05048076923076923
1 0.5973557692307693 0.4879807692307692 0.05048076923076923 0.056490384615384616