2 0.6634615384615384 0.5120192307692307 0.018028846153846152 0.0625
2 0.4519230769230769 0.5180288461538461 0.015625 0.05889423076923077
2 0.4675480769230769 0.5216346153846154 0.013221153846153846 0.06009615384615385
2 0.48677884615384615 0.5228365384615384 0.015625 0.05048076923076923
2 0.04447115384615385 0.5528846153846154 0.019230769230769232 0.07451923076923077
2 0.051682692307692304 0.546875 0.015625 0.06971153846153846
1 0.12139423076923077 0.5408653846153846 0.08413461538461539 0.08173076923076923
0 0.10336538461538461 0.5492788461538461 0.04927884615384615 0.078125
0 0.11298076923076923 0.5420673076923077 0.06490384615384616 0.09975961538461539
0 0.11658653846153846 0.5420673076923077 0.056490384615384616 0.09375
1 0.33052884615384615 0.6526442307692307 0.32572115384615385 0.41225961538461536
7 0.2800480769230769 0.27524038461538464 0.019230769230769232 0.0625
6 0.3894230769230769 0.28725961538461536 0.018028846153846152 0.06971153846153846
2 0.5372596153846154 0.5612980769230769 0.07572115384615384 0.25961538461538464
6 0.5625 0.40865384615384615 0.021634615384615384 0.0625
1 0.7127403846153846 0.5324519230769231 0.16947115384615385 0.08774038461538461
1 0.7079326923076923 0.5132211538461539 0.15264423076923078 0.04927884615384615
0 0.8918269230769231 0.5264423076923077 0.06009615384615385 0.09615384615384616
0 0.9615384615384616 0.5192307692307693 0.06610576923076923 0.09375