1 0.8713942307692307 0.5649038461538461 0.25600961538461536 0.24759615384615385
1 0.11538461538461539 0.4963942307692308 0.0625 0.03485576923076923
1 0.2548076923076923 0.4891826923076923 0.038461538461538464 0.03485576923076923
1 0.3016826923076923 0.4879807692307692 0.037259615384615384 0.037259615384615384
1 0.34134615384615385 0.4855769230769231 0.025240384615384616 0.040865384615384616
1 0.3713942307692308 0.49759615384615385 0.04326923076923077 0.055288461538461536
4 0.37740384615384615 0.3713942307692308 0.015625 0.038461538461538464
5 0.3786057692307692 0.3762019230769231 0.015625 0.04927884615384615
1 0.4266826923076923 0.49759615384615385 0.04447115384615385 0.055288461538461536
4 0.43028846153846156 0.3737980769230769 0.018028846153846152 0.04326923076923077
4 0.43149038461538464 0.375 0.013221153846153846 0.04326923076923077
1 0.45552884615384615 0.4831730769230769 0.03125 0.04326923076923077
1 0.49759615384615385 0.48677884615384615 0.03125 0.046875
4 0.5757211538461539 0.43509615384615385 0.018028846153846152 0.03485576923076923
4 0.5757211538461539 0.43509615384615385 0.015625 0.03365384615384615
2 0.6117788461538461 0.4855769230769231 0.027644230769230768 0.07211538461538461
4 0.6274038461538461 0.4026442307692308 0.019230769230769232 0.04927884615384615
4 0.6286057692307693 0.40024038461538464 0.015625 0.055288461538461536
10 0.7824519230769231 0.4338942307692308 0.04447115384615385 0.09375
10 0.7884615384615384 0.43509615384615385 0.04326923076923077 0.08173076923076923
10 0.8521634615384616 0.42908653846153844 0.11298076923076923 0.09735576923076923
10 0.8473557692307693 0.4362980769230769 0.08173076923076923 0.09014423076923077