1 0.5600961538461539 0.5144230769230769 0.03125 0.04447115384615385
2 0.026442307692307692 0.5552884615384616 0.015625 0.056490384615384616
2 0.030048076923076924 0.5492788461538461 0.01201923076923077 0.078125
2 0.04447115384615385 0.5540865384615384 0.013221153846153846 0.06971153846153846
7 0.055288461538461536 0.4362980769230769 0.018028846153846152 0.05048076923076923
2 0.06610576923076923 0.5432692307692307 0.018028846153846152 0.07211538461538461
2 0.07572115384615384 0.5432692307692307 0.018028846153846152 0.07211538461538461
2 0.08052884615384616 0.5384615384615384 0.025240384615384616 0.08052884615384616
0 0.08173076923076923 0.5372596153846154 0.01201923076923077 0.06850961538461539
0 0.0985576923076923 0.5384615384615384 0.018028846153846152 0.06610576923076923
2 0.1201923076923077 0.5372596153846154 0.018028846153846152 0.08052884615384616
1 0.171875 0.5252403846153846 0.08774038461538461 0.07451923076923077
2 0.13701923076923078 0.5336538461538461 0.015625 0.078125
10 0.17548076923076922 0.5216346153846154 0.08052884615384616 0.08413461538461539
10 0.2403846153846154 0.5120192307692307 0.056490384615384616 0.056490384615384616
1 0.23317307692307693 0.5144230769230769 0.040865384615384616 0.056490384615384616
1 0.24759615384615385 0.5324519230769231 0.05889423076923077 0.04927884615384615
2 0.2920673076923077 0.5997596153846154 0.10336538461538461 0.43149038461538464
2 0.28966346153846156 0.6033653846153846 0.09375 0.42788461538461536
2 0.2848557692307692 0.5132211538461539 0.025240384615384616 0.07451923076923077
10 0.3293269230769231 0.48197115384615385 0.09975961538461539 0.1466346153846154
7 0.4483173076923077 0.31971153846153844 0.019230769230769232 0.055288461538461536
1 0.5012019230769231 0.515625 0.038461538461538464 0.04927884615384615
1 0.5024038461538461 0.515625 0.038461538461538464 0.055288461538461536
6 0.5192307692307693 0.3245192307692308 0.021634615384615384 0.06850961538461539
2 0.6045673076923077 0.5925480769230769 0.10096153846153846 0.3786057692307692
6 0.65625 0.4074519230769231 0.021634615384615384 0.0625
1 0.8088942307692307 0.5084134615384616 0.16947115384615385 0.09975961538461539