1 0.23197115384615385 0.49759615384615385 0.03485576923076923 0.04447115384615385
1 0.2608173076923077 0.4987980769230769 0.03365384615384615 0.040865384615384616
1 0.39903846153846156 0.5168269230769231 0.10576923076923077 0.15625
4 0.4254807692307692 0.38822115384615385 0.018028846153846152 0.03125
4 0.4266826923076923 0.3942307692307692 0.015625 0.028846153846153848
4 0.46153846153846156 0.41225961538461536 0.013221153846153846 0.027644230769230768
4 0.46153846153846156 0.4026442307692308 0.013221153846153846 0.03125
4 0.5324519230769231 0.4567307692307692 0.01201923076923077 0.019230769230769232
4 0.5372596153846154 0.44471153846153844 0.019230769230769232 0.037259615384615384
4 0.5384615384615384 0.4362980769230769 0.01201923076923077 0.02403846153846154
1 0.5877403846153846 0.5084134615384616 0.06610576923076923 0.06971153846153846
1 0.7247596153846154 0.5348557692307693 0.1310096153846154 0.13701923076923078
1 0.7487980769230769 0.4651442307692308 0.04927884615384615 0.04326923076923077