1 0.953125 0.5084134615384616 0.09134615384615384 0.078125
10 0.109375 0.49278846153846156 0.09615384615384616 0.06971153846153846
10 0.11177884615384616 0.4891826923076923 0.06971153846153846 0.04927884615384615
1 0.20673076923076922 0.5024038461538461 0.06009615384615385 0.06009615384615385
1 0.20432692307692307 0.5024038461538461 0.04447115384615385 0.04326923076923077
1 0.24519230769230768 0.5012019230769231 0.046875 0.04326923076923077
1 0.24879807692307693 0.5024038461538461 0.04927884615384615 0.040865384615384616
1 0.31490384615384615 0.5012019230769231 0.028846153846153848 0.04326923076923077
1 0.41346153846153844 0.49759615384615385 0.03125 0.05048076923076923
1 0.49158653846153844 0.515625 0.07572115384615384 0.09975961538461539
4 0.4651442307692308 0.40865384615384615 0.01201923076923077 0.03485576923076923
4 0.49759615384615385 0.4098557692307692 0.015625 0.03365384615384615
4 0.5733173076923077 0.45072115384615385 0.015625 0.03125
1 0.5985576923076923 0.4891826923076923 0.028846153846153848 0.07211538461538461
4 0.5925480769230769 0.45072115384615385 0.013221153846153846 0.03125
10 0.6610576923076923 0.48677884615384615 0.109375 0.13822115384615385
1 0.6706730769230769 0.49158653846153844 0.125 0.140625
2 0.7427884615384616 0.4987980769230769 0.025240384615384616 0.09134615384615384