1 0.03125 0.6201923076923077 0.0625 0.10697115384615384
1 0.03245192307692308 0.6177884615384616 0.06490384615384616 0.10336538461538461
1 0.07932692307692307 0.6165865384615384 0.05048076923076923 0.07211538461538461
1 0.08173076923076923 0.6105769230769231 0.04447115384615385 0.08774038461538461
1 0.15144230769230768 0.609375 0.07572115384615384 0.07211538461538461
1 0.19951923076923078 0.6057692307692307 0.040865384615384616 0.06850961538461539
1 0.19951923076923078 0.6057692307692307 0.028846153846153848 0.06009615384615385
1 0.5276442307692307 0.6009615384615384 0.037259615384615384 0.055288461538461536
1 0.5324519230769231 0.6009615384615384 0.03365384615384615 0.04447115384615385
1 0.5504807692307693 0.6009615384615384 0.03485576923076923 0.06850961538461539
1 0.5829326923076923 0.6069711538461539 0.06490384615384616 0.08653846153846154
1 0.5817307692307693 0.6105769230769231 0.06009615384615385 0.06971153846153846
1 0.6598557692307693 0.625 0.10697115384615384 0.10697115384615384
1 0.7728365384615384 0.6322115384615384 0.10576923076923077 0.10336538461538461
1 0.8762019230769231 0.6334134615384616 0.11177884615384616 0.09975961538461539
1 0.9639423076923077 0.6370192307692307 0.06971153846153846 0.09014423076923077