1 0.13581730769230768 0.5709134615384616 0.27163461538461536 0.27884615384615385
1 0.24879807692307693 0.4987980769230769 0.03485576923076923 0.07211538461538461
1 0.29447115384615385 0.5024038461538461 0.055288461538461536 0.05048076923076923
1 0.28846153846153844 0.5024038461538461 0.037259615384615384 0.04447115384615385
7 0.28365384615384615 0.2932692307692308 0.02403846153846154 0.06009615384615385
1 0.36177884615384615 0.49158653846153844 0.028846153846153848 0.040865384615384616
4 0.3737980769230769 0.2980769230769231 0.019230769230769232 0.055288461538461536
4 0.3762019230769231 0.3112980769230769 0.015625 0.028846153846153848
4 0.44591346153846156 0.31490384615384615 0.019230769230769232 0.052884615384615384
4 0.44711538461538464 0.3233173076923077 0.013221153846153846 0.027644230769230768
1 0.5204326923076923 0.4855769230769231 0.03125 0.038461538461538464
2 0.5540865384615384 0.48677884615384615 0.018028846153846152 0.040865384615384616
4 0.5973557692307693 0.40384615384615385 0.018028846153846152 0.056490384615384616
4 0.5961538461538461 0.41225961538461536 0.013221153846153846 0.028846153846153848
1 0.6213942307692307 0.48677884615384615 0.04447115384615385 0.05048076923076923
1 0.625 0.4855769230769231 0.03365384615384615 0.05048076923076923
4 0.6310096153846154 0.34975961538461536 0.021634615384615384 0.06490384615384616
4 0.6298076923076923 0.3701923076923077 0.019230769230769232 0.038461538461538464
1 0.7800480769230769 0.4735576923076923 0.15264423076923078 0.09014423076923077