1 0.84375 0.6045673076923077 0.3088942307692308 0.35697115384615385
1 0.027644230769230768 0.5697115384615384 0.052884615384615384 0.109375
1 0.025240384615384616 0.5745192307692307 0.04927884615384615 0.13221153846153846
1 0.06850961538461539 0.5600961538461539 0.056490384615384616 0.09615384615384616
1 0.2127403846153846 0.5372596153846154 0.0625 0.06850961538461539
1 0.33533653846153844 0.5540865384615384 0.11899038461538461 0.1466346153846154
1 0.43028846153846156 0.5372596153846154 0.09615384615384616 0.09014423076923077
1 0.5228365384615384 0.5372596153846154 0.09615384615384616 0.14302884615384615
1 0.5408653846153846 0.5612980769230769 0.037259615384615384 0.10697115384615384
1 0.5889423076923077 0.5540865384615384 0.08653846153846154 0.20552884615384615
1 0.6706730769230769 0.5600961538461539 0.11538461538461539 0.25961538461538464