1 0.9411057692307693 0.4963942307692308 0.11538461538461539 0.109375
1 0.04447115384615385 0.578125 0.08653846153846154 0.08052884615384616
1 0.13942307692307693 0.5600961538461539 0.078125 0.08653846153846154
1 0.1935096153846154 0.5528846153846154 0.04447115384615385 0.04447115384615385
1 0.1935096153846154 0.5540865384615384 0.04326923076923077 0.056490384615384616
1 0.25 0.5432692307692307 0.08653846153846154 0.09615384615384616
7 0.22596153846153846 0.3004807692307692 0.025240384615384616 0.06850961538461539
4 0.3076923076923077 0.2776442307692308 0.02403846153846154 0.06490384615384616
4 0.30649038461538464 0.27163461538461536 0.018028846153846152 0.06009615384615385
1 0.40865384615384615 0.5396634615384616 0.1310096153846154 0.18028846153846154
4 0.3918269230769231 0.28966346153846156 0.021634615384615384 0.0625
4 0.3918269230769231 0.28966346153846156 0.015625 0.056490384615384616
4 0.5288461538461539 0.40024038461538464 0.019230769230769232 0.0625
4 0.5288461538461539 0.4098557692307692 0.019230769230769232 0.046875
1 0.6598557692307693 0.5108173076923077 0.08774038461538461 0.07211538461538461
1 0.7584134615384616 0.5024038461538461 0.13701923076923078 0.08774038461538461
1 0.8389423076923077 0.4951923076923077 0.08774038461538461 0.08052884615384616