10 0.06610576923076923 0.5492788461538461 0.13221153846153846 0.08774038461538461
1 0.0673076923076923 0.5504807692307693 0.1346153846153846 0.08774038461538461
2 0.05048076923076923 0.5697115384615384 0.027644230769230768 0.07451923076923077
10 0.13822115384615385 0.5444711538461539 0.07211538461538461 0.08774038461538461
1 0.13942307692307693 0.5504807692307693 0.07211538461538461 0.08653846153846154
6 0.1346153846153846 0.43028846153846156 0.02403846153846154 0.06850961538461539
10 0.20072115384615385 0.5432692307692307 0.0625 0.038461538461538464
1 0.19951923076923078 0.5612980769230769 0.06009615384615385 0.055288461538461536
1 0.30288461538461536 0.5661057692307693 0.07451923076923077 0.08413461538461539
1 0.33653846153846156 0.5600961538461539 0.03485576923076923 0.06610576923076923
1 0.49278846153846156 0.5588942307692307 0.028846153846153848 0.06610576923076923
1 0.5144230769230769 0.5600961538461539 0.06009615384615385 0.06971153846153846
3 0.5913461538461539 0.3918269230769231 0.028846153846153848 0.08052884615384616
6 0.8173076923076923 0.4411057692307692 0.025240384615384616 0.040865384615384616