10 0.06490384615384616 0.48677884615384615 0.12139423076923077 0.15384615384615385
1 0.125 0.5552884615384616 0.09134615384615384 0.09134615384615384
1 0.19471153846153846 0.48197115384615385 0.1310096153846154 0.11899038461538461
10 0.18509615384615385 0.5024038461538461 0.09615384615384616 0.13822115384615385
1 0.2956730769230769 0.6129807692307693 0.2439903846153846 0.296875
10 0.39903846153846156 0.5096153846153846 0.12139423076923077 0.1971153846153846
1 0.42908653846153844 0.5192307692307693 0.06971153846153846 0.2692307692307692
1 0.5012019230769231 0.5300480769230769 0.040865384615384616 0.06610576923076923
1 0.5528846153846154 0.5264423076923077 0.046875 0.15625
1 0.5769230769230769 0.5192307692307693 0.09375 0.12740384615384615
1 0.6430288461538461 0.5492788461538461 0.15985576923076922 0.15985576923076922
10 0.7391826923076923 0.47596153846153844 0.11899038461538461 0.1875
1 0.7427884615384616 0.47475961538461536 0.08774038461538461 0.14903846153846154