1 0.04927884615384615 0.5865384615384616 0.09615384615384616 0.10336538461538461
1 0.11057692307692307 0.5625 0.03365384615384615 0.05048076923076923
1 0.15504807692307693 0.5564903846153846 0.0625 0.06971153846153846
1 0.21514423076923078 0.5516826923076923 0.052884615384615384 0.07451923076923077
7 0.24158653846153846 0.3581730769230769 0.013221153846153846 0.046875
1 0.24879807692307693 0.5504807692307693 0.013221153846153846 0.04447115384615385
4 0.3425480769230769 0.33774038461538464 0.015625 0.04927884615384615
1 0.40024038461538464 0.5540865384615384 0.055288461538461536 0.08052884615384616
4 0.42908653846153844 0.3473557692307692 0.015625 0.05048076923076923
2 0.6033653846153846 0.5384615384615384 0.04326923076923077 0.08774038461538461
4 0.5949519230769231 0.44591346153846156 0.021634615384615384 0.056490384615384616
4 0.59375 0.4338942307692308 0.013221153846153846 0.05048076923076923
0 0.6021634615384616 0.5300480769230769 0.015625 0.07451923076923077
2 0.7211538461538461 0.5336538461538461 0.06850961538461539 0.12139423076923077
0 0.7259615384615384 0.5276442307692307 0.019230769230769232 0.10697115384615384