1 0.07211538461538461 0.47115384615384615 0.14423076923076922 0.31850961538461536
10 0.16947115384615385 0.4362980769230769 0.23677884615384615 0.23677884615384615
1 0.32572115384615385 0.49759615384615385 0.07211538461538461 0.10336538461538461
6 0.34615384615384615 0.4050480769230769 0.019230769230769232 0.03365384615384615
6 0.34615384615384615 0.40384615384615385 0.013221153846153846 0.027644230769230768
1 0.3701923076923077 0.5072115384615384 0.021634615384615384 0.06009615384615385
6 0.375 0.4014423076923077 0.013221153846153846 0.027644230769230768
6 0.38100961538461536 0.40625 0.01201923076923077 0.028846153846153848
1 0.4110576923076923 0.5 0.052884615384615384 0.0625
6 0.4254807692307692 0.3942307692307692 0.013221153846153846 0.028846153846153848
6 0.42908653846153844 0.40024038461538464 0.013221153846153846 0.028846153846153848
6 0.4639423076923077 0.39783653846153844 0.019230769230769232 0.03485576923076923
1 0.4855769230769231 0.5096153846153846 0.056490384615384616 0.0625
6 0.4651442307692308 0.39903846153846156 0.013221153846153846 0.028846153846153848
1 0.5516826923076923 0.484375 0.09014423076923077 0.05889423076923077
1 0.5528846153846154 0.48677884615384615 0.08653846153846154 0.056490384615384616
6 0.5384615384615384 0.4387019230769231 0.01201923076923077 0.027644230769230768
1 0.6658653846153846 0.49038461538461536 0.08052884615384616 0.06971153846153846
6 0.6646634615384616 0.3918269230769231 0.02403846153846154 0.037259615384615384
1 0.7884615384615384 0.4723557692307692 0.07451923076923077 0.038461538461538464
1 0.7944711538461539 0.4699519230769231 0.07572115384615384 0.056490384615384616