1 0.15384615384615385 0.5396634615384616 0.056490384615384616 0.04447115384615385
1 0.019230769230769232 0.5432692307692307 0.037259615384615384 0.10336538461538461
1 0.04447115384615385 0.5456730769230769 0.08774038461538461 0.10576923076923077
1 0.07692307692307693 0.5480769230769231 0.078125 0.055288461538461536
1 0.3088942307692308 0.5372596153846154 0.04927884615384615 0.06009615384615385
1 0.3076923076923077 0.5396634615384616 0.04447115384615385 0.06009615384615385
1 0.33052884615384615 0.5324519230769231 0.025240384615384616 0.05889423076923077
1 0.3581730769230769 0.5252403846153846 0.03125 0.040865384615384616
7 0.3737980769230769 0.41947115384615385 0.009615384615384616 0.03125
1 0.4567307692307692 0.5348557692307693 0.08052884615384616 0.10697115384615384
4 0.43028846153846156 0.40865384615384615 0.01201923076923077 0.028846153846153848
4 0.47836538461538464 0.41466346153846156 0.009615384615384616 0.03125
4 0.5697115384615384 0.4651442307692308 0.009615384615384616 0.03365384615384615