1 0.038461538461538464 0.5372596153846154 0.07451923076923077 0.1466346153846154
1 0.10697115384615384 0.5252403846153846 0.03485576923076923 0.04326923076923077
1 0.21634615384615385 0.5144230769230769 0.02403846153846154 0.03125
1 0.2848557692307692 0.5300480769230769 0.08774038461538461 0.109375
4 0.38461538461538464 0.3233173076923077 0.02403846153846154 0.08413461538461539
2 0.4170673076923077 0.5324519230769231 0.03485576923076923 0.125
2 0.5997596153846154 0.5336538461538461 0.03365384615384615 0.14423076923076922
2 0.6177884615384616 0.5396634615384616 0.046875 0.1658653846153846
2 0.6694711538461539 0.5144230769230769 0.03485576923076923 0.14302884615384615
1 0.9086538461538461 0.5408653846153846 0.1778846153846154 0.1346153846153846
1 0.9086538461538461 0.5504807692307693 0.18028846153846154 0.12860576923076922
2 0.9735576923076923 0.4543269230769231 0.028846153846153848 0.05889423076923077
2 0.9735576923076923 0.45552884615384615 0.02403846153846154 0.046875