1 0.06129807692307692 0.5120192307692307 0.12259615384615384 0.08653846153846154
1 0.18629807692307693 0.5084134615384616 0.040865384615384616 0.021634615384615384
1 0.23557692307692307 0.5024038461538461 0.028846153846153848 0.028846153846153848
1 0.26802884615384615 0.4987980769230769 0.046875 0.0625
6 0.31850961538461536 0.4699519230769231 0.025240384615384616 0.05048076923076923
1 0.34134615384615385 0.4951923076923077 0.04927884615384615 0.04326923076923077
1 0.4074519230769231 0.49759615384615385 0.040865384615384616 0.04326923076923077
6 0.42427884615384615 0.33052884615384615 0.018028846153846152 0.03485576923076923
1 0.46033653846153844 0.5108173076923077 0.06490384615384616 0.09134615384615384
6 0.5024038461538461 0.3557692307692308 0.018028846153846152 0.040865384615384616
6 0.5024038461538461 0.43028846153846156 0.015625 0.038461538461538464
1 0.5072115384615384 0.5096153846153846 0.019230769230769232 0.0625
1 0.5300480769230769 0.5180288461538461 0.018028846153846152 0.052884615384615384
1 0.5637019230769231 0.5216346153846154 0.05889423076923077 0.06971153846153846
6 0.5420673076923077 0.4567307692307692 0.009615384615384616 0.028846153846153848
1 0.5564903846153846 0.5192307692307693 0.025240384615384616 0.06610576923076923
1 0.6177884615384616 0.5300480769230769 0.10336538461538461 0.09975961538461539
6 0.5961538461538461 0.43509615384615385 0.015625 0.040865384615384616
6 0.6298076923076923 0.41586538461538464 0.018028846153846152 0.03485576923076923
2 0.8617788461538461 0.5036057692307693 0.025240384615384616 0.08653846153846154
2 0.8617788461538461 0.49278846153846156 0.019230769230769232 0.06971153846153846
2 0.9290865384615384 0.4963942307692308 0.021634615384615384 0.078125