1 0.8004807692307693 0.5877403846153846 0.3942307692307692 0.3713942307692308
1 0.03365384615384615 0.5745192307692307 0.06610576923076923 0.06850961538461539
1 0.039663461538461536 0.5841346153846154 0.078125 0.04927884615384615
10 0.22115384615384615 0.5384615384615384 0.14423076923076922 0.15264423076923078
10 0.21875 0.5432692307692307 0.1310096153846154 0.14423076923076922
1 0.28725961538461536 0.5709134615384616 0.06971153846153846 0.08413461538461539
1 0.2932692307692308 0.5709134615384616 0.06009615384615385 0.07572115384615384
4 0.3713942307692308 0.21394230769230768 0.025240384615384616 0.08774038461538461
1 0.39302884615384615 0.5576923076923077 0.027644230769230768 0.03485576923076923
1 0.47115384615384615 0.5528846153846154 0.027644230769230768 0.03485576923076923
4 0.5973557692307693 0.40865384615384615 0.025240384615384616 0.08052884615384616