1 0.01201923076923077 0.5540865384615384 0.02403846153846154 0.055288461538461536
1 0.171875 0.5264423076923077 0.06610576923076923 0.06610576923076923
1 0.17427884615384615 0.5276442307692307 0.0625 0.05889423076923077
1 0.27403846153846156 0.5168269230769231 0.04447115384615385 0.04326923076923077
1 0.27283653846153844 0.5216346153846154 0.03365384615384615 0.04326923076923077
4 0.2932692307692308 0.33533653846153844 0.018028846153846152 0.06490384615384616
4 0.2956730769230769 0.33413461538461536 0.018028846153846152 0.055288461538461536
4 0.3858173076923077 0.3317307692307692 0.021634615384615384 0.06009615384615385
4 0.38461538461538464 0.33533653846153844 0.019230769230769232 0.055288461538461536
4 0.47596153846153844 0.4182692307692308 0.021634615384615384 0.06850961538461539
4 0.5120192307692307 0.35216346153846156 0.021634615384615384 0.04927884615384615
4 0.5132211538461539 0.36177884615384615 0.018028846153846152 0.05048076923076923
1 0.5408653846153846 0.5084134615384616 0.040865384615384616 0.052884615384615384
1 0.5408653846153846 0.5096153846153846 0.037259615384615384 0.06009615384615385