1 0.36899038461538464 0.49158653846153844 0.027644230769230768 0.04447115384615385
8 0.4411057692307692 0.3858173076923077 0.019230769230769232 0.03125
1 0.49399038461538464 0.49759615384615385 0.052884615384615384 0.0625
1 0.5757211538461539 0.4963942307692308 0.07451923076923077 0.09615384615384616
1 0.5805288461538461 0.49158653846153844 0.07211538461538461 0.08413461538461539
1 0.6947115384615384 0.47716346153846156 0.08173076923076923 0.05048076923076923
1 0.7055288461538461 0.47716346153846156 0.078125 0.0625
1 0.8173076923076923 0.48197115384615385 0.12259615384615384 0.0625
1 0.8064903846153846 0.4807692307692308 0.07211538461538461 0.07451923076923077
1 0.8497596153846154 0.49158653846153844 0.025240384615384616 0.0625
1 0.8990384615384616 0.47716346153846156 0.12139423076923077 0.078125
1 0.9519230769230769 0.4723557692307692 0.09134615384615384 0.10697115384615384