1 0.09254807692307693 0.5600961538461539 0.07211538461538461 0.10096153846153846
10 0.14302884615384615 0.5348557692307693 0.052884615384615384 0.052884615384615384
10 0.14783653846153846 0.5324519230769231 0.04447115384615385 0.055288461538461536
1 0.35216346153846156 0.5288461538461539 0.038461538461538464 0.046875
1 0.40384615384615385 0.5276442307692307 0.037259615384615384 0.040865384615384616
1 0.4831730769230769 0.5336538461538461 0.03485576923076923 0.07572115384615384
1 0.5432692307692307 0.5576923076923077 0.11177884615384616 0.1310096153846154
1 0.6694711538461539 0.5168269230769231 0.08653846153846154 0.1310096153846154
1 0.7620192307692307 0.5516826923076923 0.14903846153846154 0.11899038461538461
1 0.859375 0.5372596153846154 0.040865384615384616 0.05048076923076923
1 0.9050480769230769 0.53125 0.05048076923076923 0.05048076923076923