2 0.3112980769230769 0.53125 0.052884615384615384 0.1502403846153846
2 0.2620192307692308 0.5396634615384616 0.028846153846153848 0.14302884615384615
2 0.0733173076923077 0.5408653846153846 0.028846153846153848 0.11538461538461539
2 0.07572115384615384 0.5396634615384616 0.021634615384615384 0.09375
1 0.12259615384615384 0.5540865384615384 0.08052884615384616 0.10336538461538461
2 0.21634615384615385 0.5396634615384616 0.028846153846153848 0.1310096153846154
2 0.21634615384615385 0.546875 0.027644230769230768 0.12740384615384615
2 0.21634615384615385 0.5336538461538461 0.019230769230769232 0.12259615384615384
1 0.5997596153846154 0.5721153846153846 0.4495192307692308 0.27163461538461536
2 0.5240384615384616 0.49759615384615385 0.025240384615384616 0.08413461538461539
3 0.5817307692307693 0.3076923076923077 0.028846153846153848 0.09134615384615384
2 0.8665865384615384 0.49038461538461536 0.027644230769230768 0.1310096153846154
2 0.8677884615384616 0.49278846153846156 0.013221153846153846 0.14302884615384615
2 0.8798076923076923 0.48677884615384615 0.021634615384615384 0.125
2 0.9002403846153846 0.47115384615384615 0.025240384615384616 0.13701923076923078
2 0.8990384615384616 0.47836538461538464 0.025240384615384616 0.140625
2 0.9194711538461539 0.4807692307692308 0.021634615384615384 0.140625
2 0.9194711538461539 0.4855769230769231 0.019230769230769232 0.125
2 0.9555288461538461 0.47475961538461536 0.019230769230769232 0.14423076923076922
2 0.9819711538461539 0.47115384615384615 0.018028846153846152 0.140625