1 0.1141826923076923 0.5432692307692307 0.15865384615384615 0.14423076923076922
1 0.21394230769230768 0.49759615384615385 0.078125 0.0625
1 0.265625 0.5144230769230769 0.09375 0.08413461538461539
1 0.35336538461538464 0.49759615384615385 0.055288461538461536 0.0625
1 0.3545673076923077 0.5024038461538461 0.04927884615384615 0.056490384615384616
1 0.39302884615384615 0.49278846153846156 0.03485576923076923 0.04447115384615385
1 0.5132211538461539 0.4879807692307692 0.04447115384615385 0.06610576923076923
1 0.5697115384615384 0.49399038461538464 0.038461538461538464 0.04447115384615385
1 0.6382211538461539 0.5 0.07451923076923077 0.109375
1 0.7860576923076923 0.5492788461538461 0.1778846153846154 0.1622596153846154
1 0.7896634615384616 0.5456730769230769 0.17427884615384615 0.1622596153846154