10 0.07451923076923077 0.5336538461538461 0.14903846153846154 0.15985576923076922
1 0.15745192307692307 0.5913461538461539 0.07572115384615384 0.06610576923076923
1 0.21153846153846154 0.5829326923076923 0.04927884615384615 0.06490384615384616
1 0.24759615384615385 0.5721153846153846 0.03125 0.055288461538461536
1 0.30408653846153844 0.5697115384615384 0.03125 0.038461538461538464
1 0.3858173076923077 0.6105769230769231 0.1346153846153846 0.18028846153846154
3 0.33533653846153844 0.26802884615384615 0.025240384615384616 0.078125
4 0.46634615384615385 0.30528846153846156 0.02403846153846154 0.06971153846153846
1 0.4807692307692308 0.5552884615384616 0.03125 0.04927884615384615
1 0.8040865384615384 0.6105769230769231 0.38822115384615385 0.4182692307692308
4 0.6454326923076923 0.4170673076923077 0.02403846153846154 0.06610576923076923