10 0.10817307692307693 0.5336538461538461 0.08052884615384616 0.078125
10 0.10697115384615384 0.5384615384615384 0.07451923076923077 0.06009615384615385
6 0.27403846153846156 0.43990384615384615 0.015625 0.04326923076923077
4 0.31971153846153844 0.44350961538461536 0.015625 0.037259615384615384
1 0.3485576923076923 0.5372596153846154 0.040865384615384616 0.046875
4 0.359375 0.44591346153846156 0.019230769230769232 0.040865384615384616
1 0.3942307692307692 0.5252403846153846 0.037259615384615384 0.04326923076923077
4 0.4375 0.49158653846153844 0.015625 0.03485576923076923
1 0.44711538461538464 0.5336538461538461 0.03485576923076923 0.040865384615384616
1 0.47836538461538464 0.5264423076923077 0.03485576923076923 0.078125
1 0.5324519230769231 0.5552884615384616 0.10096153846153846 0.12259615384615384
4 0.5024038461538461 0.46274038461538464 0.018028846153846152 0.037259615384615384
1 0.59375 0.5360576923076923 0.052884615384615384 0.078125
1 0.7572115384615384 0.5564903846153846 0.1502403846153846 0.12139423076923077
1 0.9038461538461539 0.5180288461538461 0.18990384615384615 0.1971153846153846