1 0.06610576923076923 0.5973557692307693 0.13221153846153846 0.16105769230769232
1 0.16826923076923078 0.5456730769230769 0.11778846153846154 0.07211538461538461
1 0.17307692307692307 0.5504807692307693 0.10697115384615384 0.06490384615384616
1 0.24278846153846154 0.5480769230769231 0.03485576923076923 0.056490384615384616
1 0.31009615384615385 0.5552884615384616 0.10697115384615384 0.06009615384615385
1 0.31490384615384615 0.5492788461538461 0.11177884615384616 0.06971153846153846
1 0.37740384615384615 0.5492788461538461 0.06490384615384616 0.05889423076923077
1 0.3713942307692308 0.5396634615384616 0.04447115384615385 0.046875
1 0.40024038461538464 0.5336538461538461 0.019230769230769232 0.038461538461538464
1 0.5913461538461539 0.5252403846153846 0.10576923076923077 0.0625
1 0.6814903846153846 0.5733173076923077 0.11538461538461539 0.13221153846153846
1 0.8233173076923077 0.5913461538461539 0.17427884615384615 0.22235576923076922
1 0.9663461538461539 0.5180288461538461 0.0625 0.0625