10 0.12379807692307693 0.5432692307692307 0.06490384615384616 0.06610576923076923
10 0.12980769230769232 0.5420673076923077 0.0625 0.055288461538461536
4 0.3112980769230769 0.4567307692307692 0.015625 0.037259615384615384
1 0.34615384615384615 0.5420673076923077 0.040865384615384616 0.046875
4 0.3485576923076923 0.4567307692307692 0.018028846153846152 0.040865384615384616
1 0.39783653846153844 0.5360576923076923 0.037259615384615384 0.04326923076923077
4 0.42427884615384615 0.4963942307692308 0.015625 0.03485576923076923
1 0.4807692307692308 0.5300480769230769 0.03485576923076923 0.078125
4 0.4855769230769231 0.47596153846153844 0.018028846153846152 0.037259615384615384
1 0.5336538461538461 0.5600961538461539 0.11177884615384616 0.13221153846153846
1 0.7512019230769231 0.5552884615384616 0.1502403846153846 0.12139423076923077
1 0.8617788461538461 0.5384615384615384 0.10576923076923077 0.15384615384615385