1 0.07692307692307693 0.5612980769230769 0.08173076923076923 0.08413461538461539
1 0.19230769230769232 0.5480769230769231 0.05048076923076923 0.05048076923076923
1 0.24879807692307693 0.5396634615384616 0.03485576923076923 0.046875
1 0.2800480769230769 0.5348557692307693 0.027644230769230768 0.03365384615384615
4 0.3557692307692308 0.3125 0.018028846153846152 0.0625
4 0.35697115384615385 0.31009615384615385 0.019230769230769232 0.056490384615384616
1 0.40865384615384615 0.5432692307692307 0.06610576923076923 0.08774038461538461
4 0.46153846153846156 0.3016826923076923 0.018028846153846152 0.06009615384615385
1 0.5132211538461539 0.53125 0.038461538461538464 0.055288461538461536
1 0.5492788461538461 0.5432692307692307 0.046875 0.07451923076923077
1 0.5925480769230769 0.5492788461538461 0.09014423076923077 0.09975961538461539
4 0.6057692307692307 0.41947115384615385 0.018028846153846152 0.056490384615384616
1 0.7896634615384616 0.5348557692307693 0.052884615384615384 0.12740384615384615