1 0.8725961538461539 0.7235576923076923 0.25 0.5492788461538461
1 0.08533653846153846 0.5817307692307693 0.10576923076923077 0.12139423076923077
1 0.09375 0.5745192307692307 0.07572115384615384 0.10576923076923077
1 0.14783653846153846 0.5625 0.037259615384615384 0.08653846153846154
1 0.18028846153846154 0.5540865384615384 0.038461538461538464 0.09134615384615384
1 0.29447115384615385 0.546875 0.07451923076923077 0.08413461538461539
1 0.39663461538461536 0.5348557692307693 0.09134615384615384 0.08052884615384616
1 0.49399038461538464 0.5492788461538461 0.04447115384615385 0.10576923076923077
1 0.5396634615384616 0.5492788461538461 0.078125 0.22115384615384615
1 0.5492788461538461 0.5432692307692307 0.07572115384615384 0.18990384615384615
1 0.6442307692307693 0.5877403846153846 0.22235576923076922 0.41225961538461536