1 0.039663461538461536 0.5564903846153846 0.05889423076923077 0.04326923076923077
1 0.14783653846153846 0.5300480769230769 0.07211538461538461 0.06490384615384616
1 0.14903846153846154 0.5336538461538461 0.06490384615384616 0.055288461538461536
1 0.3173076923076923 0.5276442307692307 0.052884615384615384 0.0625
1 0.3473557692307692 0.5252403846153846 0.02403846153846154 0.038461538461538464
1 0.3942307692307692 0.5168269230769231 0.037259615384615384 0.04326923076923077
1 0.39663461538461536 0.5240384615384616 0.025240384615384616 0.027644230769230768
1 0.4338942307692308 0.5180288461538461 0.03365384615384615 0.04326923076923077
1 0.49399038461538464 0.5276442307692307 0.04927884615384615 0.052884615384615384
1 0.5384615384615384 0.5288461538461539 0.040865384615384616 0.052884615384615384
1 0.5372596153846154 0.5252403846153846 0.03365384615384615 0.04927884615384615
1 0.5697115384615384 0.5348557692307693 0.046875 0.07451923076923077
1 0.6129807692307693 0.5408653846153846 0.07451923076923077 0.08774038461538461
1 0.8473557692307693 0.49759615384615385 0.10096153846153846 0.078125
1 0.8641826923076923 0.5084134615384616 0.08774038461538461 0.055288461538461536
1 0.9194711538461539 0.5072115384615384 0.1502403846153846 0.07572115384615384