1 0.47596153846153844 0.4987980769230769 0.03485576923076923 0.04927884615384615
3 0.06129807692307692 0.07091346153846154 0.09375 0.140625
1 0.08413461538461539 0.5216346153846154 0.078125 0.09975961538461539
1 0.09615384615384616 0.5192307692307693 0.052884615384615384 0.09975961538461539
1 0.1502403846153846 0.5024038461538461 0.06490384615384616 0.09375
1 0.3641826923076923 0.5084134615384616 0.140625 0.06971153846153846
1 0.45072115384615385 0.49759615384615385 0.021634615384615384 0.046875
3 0.5709134615384616 0.026442307692307692 0.028846153846153848 0.052884615384615384
6 0.5649038461538461 0.3641826923076923 0.015625 0.04927884615384615
1 0.6069711538461539 0.49038461538461536 0.046875 0.06009615384615385
6 0.6538461538461539 0.35697115384615385 0.018028846153846152 0.055288461538461536
6 0.7283653846153846 0.41586538461538464 0.018028846153846152 0.052884615384615384
1 0.8641826923076923 0.49278846153846156 0.22235576923076922 0.09134615384615384
10 0.8798076923076923 0.4855769230769231 0.2091346153846154 0.09134615384615384
6 0.8004807692307693 0.07692307692307693 0.028846153846153848 0.10336538461538461
1 0.9206730769230769 0.48677884615384615 0.10336538461538461 0.056490384615384616