1 0.08774038461538461 0.5372596153846154 0.038461538461538464 0.052884615384615384
1 0.1935096153846154 0.5168269230769231 0.04447115384615385 0.052884615384615384
7 0.18870192307692307 0.3557692307692308 0.019230769230769232 0.055288461538461536
1 0.2536057692307692 0.5168269230769231 0.038461538461538464 0.05048076923076923
4 0.2644230769230769 0.35697115384615385 0.018028846153846152 0.05048076923076923
1 0.2920673076923077 0.5144230769230769 0.038461538461538464 0.06490384615384616
1 0.4014423076923077 0.5252403846153846 0.11778846153846154 0.18389423076923078
4 0.3713942307692308 0.43990384615384615 0.018028846153846152 0.04927884615384615
1 0.4951923076923077 0.5144230769230769 0.10096153846153846 0.09615384615384616
1 0.5949519230769231 0.5540865384615384 0.13221153846153846 0.09735576923076923
1 0.6057692307692307 0.48197115384615385 0.08413461538461539 0.046875
3 0.6177884615384616 0.35216346153846156 0.025240384615384616 0.08653846153846154
1 0.7824519230769231 0.5817307692307693 0.2776442307692308 0.2091346153846154
2 0.6694711538461539 0.49759615384615385 0.025240384615384616 0.07451923076923077