1 0.22115384615384615 0.5492788461538461 0.12860576923076922 0.13221153846153846
7 0.24879807692307693 0.16346153846153846 0.03485576923076923 0.12740384615384615
1 0.3870192307692308 0.5396634615384616 0.09134615384615384 0.11778846153846154
1 0.4338942307692308 0.5228365384615384 0.046875 0.09975961538461539
1 0.5024038461538461 0.5492788461538461 0.11899038461538461 0.15865384615384615
3 0.4891826923076923 0.054086538461538464 0.037259615384615384 0.10697115384615384
1 0.6598557692307693 0.5420673076923077 0.10697115384615384 0.12740384615384615
1 0.7524038461538461 0.5240384615384616 0.04927884615384615 0.056490384615384616
1 0.8028846153846154 0.5252403846153846 0.056490384615384616 0.078125
0 0.8365384615384616 0.5408653846153846 0.08173076923076923 0.1622596153846154
3 0.8269230769230769 0.3016826923076923 0.027644230769230768 0.08052884615384616
1 0.9134615384615384 0.5348557692307693 0.11298076923076923 0.08052884615384616