10 0.4411057692307692 0.46634615384615385 0.027644230769230768 0.038461538461538464
1 0.8665865384615384 0.5805288461538461 0.25 0.24278846153846154
1 0.14783653846153846 0.49158653846153844 0.06490384615384616 0.05048076923076923
1 0.33052884615384615 0.49038461538461536 0.040865384615384616 0.05048076923076923
1 0.3317307692307692 0.49278846153846156 0.040865384615384616 0.05048076923076923
3 0.3918269230769231 0.3713942307692308 0.013221153846153846 0.038461538461538464
1 0.41947115384615385 0.48197115384615385 0.028846153846153848 0.04447115384615385
4 0.44471153846153844 0.3762019230769231 0.013221153846153846 0.040865384615384616
4 0.44471153846153844 0.38341346153846156 0.013221153846153846 0.02403846153846154
1 0.47115384615384615 0.4855769230769231 0.03365384615384615 0.046875
4 0.4879807692307692 0.37740384615384615 0.018028846153846152 0.040865384615384616
4 0.48677884615384615 0.3894230769230769 0.01201923076923077 0.027644230769230768
1 0.5252403846153846 0.48197115384615385 0.03365384615384615 0.037259615384615384
4 0.5685096153846154 0.43509615384615385 0.019230769230769232 0.04927884615384615
4 0.5673076923076923 0.43990384615384615 0.01201923076923077 0.028846153846153848
1 0.5853365384615384 0.4963942307692308 0.04447115384615385 0.09615384615384616
1 0.6129807692307693 0.5132211538461539 0.037259615384615384 0.109375
1 0.6742788461538461 0.5120192307692307 0.11538461538461539 0.15625
1 0.6418269230769231 0.5036057692307693 0.04326923076923077 0.14302884615384615
4 0.6394230769230769 0.3942307692307692 0.019230769230769232 0.056490384615384616
4 0.6430288461538461 0.4074519230769231 0.018028846153846152 0.03125
1 0.7091346153846154 0.5360576923076923 0.10697115384615384 0.16826923076923078
1 0.7223557692307693 0.5336538461538461 0.1310096153846154 0.15264423076923078