1 0.018028846153846152 0.5276442307692307 0.03365384615384615 0.0625
1 0.0829326923076923 0.5228365384615384 0.06850961538461539 0.0625
1 0.17307692307692307 0.5072115384615384 0.08774038461538461 0.07211538461538461
1 0.2692307692307692 0.5036057692307693 0.04447115384615385 0.040865384615384616
4 0.3173076923076923 0.20673076923076922 0.021634615384615384 0.052884615384615384
1 0.3473557692307692 0.5072115384615384 0.03365384615384615 0.038461538461538464
4 0.4254807692307692 0.234375 0.02403846153846154 0.05889423076923077
1 0.6129807692307693 0.5072115384615384 0.028846153846153848 0.037259615384615384
4 0.6514423076923077 0.36538461538461536 0.027644230769230768 0.06610576923076923
1 0.6850961538461539 0.49158653846153844 0.09615384615384616 0.06610576923076923
1 0.7632211538461539 0.5048076923076923 0.056490384615384616 0.038461538461538464