1 0.14302884615384615 0.5216346153846154 0.10096153846153846 0.08653846153846154
1 0.12620192307692307 0.4807692307692308 0.025240384615384616 0.03365384615384615
5 0.15384615384615385 0.4735576923076923 0.027644230769230768 0.07451923076923077
10 0.2247596153846154 0.4963942307692308 0.10096153846153846 0.18509615384615385
7 0.3112980769230769 0.43509615384615385 0.019230769230769232 0.04927884615384615
5 0.3112980769230769 0.43509615384615385 0.013221153846153846 0.04326923076923077
1 0.3269230769230769 0.46153846153846156 0.021634615384615384 0.02403846153846154
1 0.33653846153846156 0.47716346153846156 0.019230769230769232 0.04927884615384615
1 0.36658653846153844 0.5072115384615384 0.052884615384615384 0.08653846153846154
1 0.375 0.46274038461538464 0.027644230769230768 0.021634615384615384
1 0.3762019230769231 0.45072115384615385 0.019230769230769232 0.025240384615384616
1 0.42788461538461536 0.5264423076923077 0.09375 0.140625
1 0.47475961538461536 0.47115384615384615 0.03485576923076923 0.04447115384615385
1 0.47716346153846156 0.46875 0.03365384615384615 0.04447115384615385
4 0.49399038461538464 0.3269230769230769 0.018028846153846152 0.04927884615384615
4 0.49399038461538464 0.32572115384615385 0.015625 0.04447115384615385
1 0.5132211538461539 0.4855769230769231 0.03365384615384615 0.03125
1 0.5564903846153846 0.49158653846153844 0.04927884615384615 0.046875
4 0.6069711538461539 0.40865384615384615 0.01201923076923077 0.03365384615384615
2 0.6081730769230769 0.47596153846153844 0.018028846153846152 0.06610576923076923
1 0.7199519230769231 0.4951923076923077 0.09975961538461539 0.052884615384615384