1 0.10096153846153846 0.5516826923076923 0.11778846153846154 0.11899038461538461
1 0.1045673076923077 0.5432692307692307 0.06850961538461539 0.052884615384615384
1 0.16826923076923078 0.5408653846153846 0.040865384615384616 0.07451923076923077
1 0.2091346153846154 0.5432692307692307 0.06971153846153846 0.06850961538461539
1 0.20673076923076922 0.5384615384615384 0.056490384615384616 0.06850961538461539
1 0.35096153846153844 0.5288461538461539 0.027644230769230768 0.037259615384615384
1 0.4326923076923077 0.5372596153846154 0.09735576923076923 0.140625
1 0.7596153846153846 0.49038461538461536 0.11778846153846154 0.10697115384615384
1 0.7908653846153846 0.49278846153846156 0.15625 0.11177884615384616
1 0.8052884615384616 0.5216346153846154 0.1310096153846154 0.13701923076923078
1 0.9050480769230769 0.5336538461538461 0.09615384615384616 0.10697115384615384