2 0.29086538461538464 0.5480769230769231 0.01201923076923077 0.04447115384615385
2 0.27403846153846156 0.5540865384615384 0.013221153846153846 0.06490384615384616
2 0.59375 0.5228365384615384 0.01201923076923077 0.06009615384615385
2 0.25721153846153844 0.5564903846153846 0.018028846153846152 0.07451923076923077
2 0.13822115384615385 0.5612980769230769 0.02403846153846154 0.06009615384615385
2 0.18629807692307693 0.5552884615384616 0.021634615384615384 0.08173076923076923
4 0.25240384615384615 0.44471153846153844 0.015625 0.038461538461538464
1 0.33413461538461536 0.5540865384615384 0.04326923076923077 0.06490384615384616
1 0.4326923076923077 0.5769230769230769 0.1778846153846154 0.2620192307692308
1 0.36177884615384615 0.5552884615384616 0.037259615384615384 0.07572115384615384
4 0.5853365384615384 0.421875 0.019230769230769232 0.06009615384615385
2 0.6081730769230769 0.5192307692307693 0.015625 0.0625
2 0.6586538461538461 0.5144230769230769 0.028846153846153848 0.078125
1 0.8401442307692307 0.6694711538461539 0.3161057692307692 0.4495192307692308