1 0.04567307692307692 0.5504807692307693 0.09134615384615384 0.12259615384615384
1 0.057692307692307696 0.5564903846153846 0.06490384615384616 0.09975961538461539
1 0.11778846153846154 0.5492788461538461 0.078125 0.10096153846153846
1 0.17067307692307693 0.5408653846153846 0.04447115384615385 0.06610576923076923
1 0.1971153846153846 0.5324519230769231 0.07211538461538461 0.07211538461538461
2 0.18990384615384615 0.5336538461538461 0.025240384615384616 0.08413461538461539
2 0.18870192307692307 0.5384615384615384 0.021634615384615384 0.07451923076923077
1 0.2608173076923077 0.53125 0.06850961538461539 0.05048076923076923
1 0.3629807692307692 0.5504807692307693 0.14423076923076922 0.23197115384615385
1 0.5036057692307693 0.5180288461538461 0.040865384615384616 0.046875
1 0.7584134615384616 0.5600961538461539 0.1814903846153846 0.16826923076923078
1 0.8918269230769231 0.6069711538461539 0.2127403846153846 0.2776442307692308