2 0.7836538461538461 0.4519230769230769 0.019230769230769232 0.09375
2 0.8882211538461539 0.515625 0.03365384615384615 0.11778846153846154
2 0.8305288461538461 0.49759615384615385 0.027644230769230768 0.15625
2 0.7740384615384616 0.5060096153846154 0.03485576923076923 0.140625
2 0.7475961538461539 0.5024038461538461 0.027644230769230768 0.14423076923076922
2 0.7211538461538461 0.5036057692307693 0.025240384615384616 0.14423076923076922
1 0.13341346153846154 0.5252403846153846 0.15985576923076922 0.09134615384615384
1 0.21514423076923078 0.5120192307692307 0.025240384615384616 0.08413461538461539
1 0.23918269230769232 0.5084134615384616 0.040865384615384616 0.078125
1 0.27283653846153844 0.49759615384615385 0.025240384615384616 0.056490384615384616
1 0.29927884615384615 0.4963942307692308 0.021634615384615384 0.055288461538461536
1 0.32091346153846156 0.4951923076923077 0.015625 0.037259615384615384
1 0.35096153846153844 0.4879807692307692 0.027644230769230768 0.05048076923076923
1 0.3557692307692308 0.49759615384615385 0.025240384615384616 0.04927884615384615
1 0.39903846153846156 0.5180288461538461 0.09615384615384616 0.12860576923076922
1 0.4423076923076923 0.49158653846153844 0.027644230769230768 0.04927884615384615
2 0.4723557692307692 0.49278846153846156 0.01201923076923077 0.056490384615384616
1 0.4831730769230769 0.5024038461538461 0.013221153846153846 0.056490384615384616
1 0.5072115384615384 0.49759615384615385 0.025240384615384616 0.08413461538461539
1 0.5240384615384616 0.5084134615384616 0.04927884615384615 0.09975961538461539
1 0.53125 0.5024038461538461 0.040865384615384616 0.07451923076923077
2 0.6935096153846154 0.5120192307692307 0.02403846153846154 0.09014423076923077
2 0.9387019230769231 0.49759615384615385 0.037259615384615384 0.1502403846153846