2 0.8197115384615384 0.4855769230769231 0.007211538461538462 0.05048076923076923
3 0.07091346153846154 0.08533653846153846 0.109375 0.15625
1 0.1201923076923077 0.515625 0.19951923076923078 0.1875
1 0.34134615384615385 0.5108173076923077 0.078125 0.07451923076923077
1 0.42427884615384615 0.4951923076923077 0.05048076923076923 0.04326923076923077
1 0.42908653846153844 0.49278846153846156 0.056490384615384616 0.05889423076923077
1 0.46634615384615385 0.49278846153846156 0.028846153846153848 0.03365384615384615
3 0.5697115384615384 0.028846153846153848 0.025240384615384616 0.056490384615384616
3 0.5661057692307693 0.3605769230769231 0.013221153846153846 0.05048076923076923
3 0.6526442307692307 0.3557692307692308 0.015625 0.038461538461538464
4 0.7259615384615384 0.41225961538461536 0.015625 0.046875
0 0.734375 0.4831730769230769 0.021634615384615384 0.06610576923076923
3 0.8004807692307693 0.07451923076923077 0.025240384615384616 0.09134615384615384
1 0.9038461538461539 0.5012019230769231 0.17427884615384615 0.21514423076923078