1 0.12259615384615384 0.5072115384615384 0.09134615384615384 0.08774038461538461
1 0.05048076923076923 0.5120192307692307 0.09975961538461539 0.16826923076923078
1 0.8521634615384616 0.5504807692307693 0.2932692307692308 0.32572115384615385
1 0.26322115384615385 0.5072115384615384 0.06610576923076923 0.07211538461538461
1 0.26802884615384615 0.5024038461538461 0.04927884615384615 0.04447115384615385
1 0.3233173076923077 0.4951923076923077 0.05048076923076923 0.06610576923076923
1 0.32211538461538464 0.48677884615384615 0.03485576923076923 0.04326923076923077
6 0.3161057692307692 0.44471153846153844 0.013221153846153846 0.03125
1 0.4230769230769231 0.49038461538461536 0.03125 0.05048076923076923
6 0.43990384615384615 0.39663461538461536 0.013221153846153846 0.027644230769230768
1 0.45552884615384615 0.4879807692307692 0.03485576923076923 0.046875
4 0.47836538461538464 0.40625 0.015625 0.027644230769230768
4 0.5516826923076923 0.45072115384615385 0.015625 0.02403846153846154
1 0.5625 0.49759615384615385 0.02403846153846154 0.07572115384615384
1 0.5961538461538461 0.5024038461538461 0.06850961538461539 0.06610576923076923
1 0.5925480769230769 0.5096153846153846 0.056490384615384616 0.08052884615384616
4 0.578125 0.44471153846153844 0.013221153846153846 0.027644230769230768
1 0.6959134615384616 0.5288461538461539 0.11778846153846154 0.1814903846153846
1 0.6766826923076923 0.5240384615384616 0.07572115384615384 0.21153846153846154