2 0.5060096153846154 0.5384615384615384 0.007211538461538462 0.04927884615384615
2 0.515625 0.5336538461538461 0.009615384615384616 0.05048076923076923
2 0.5276442307692307 0.5288461538461539 0.009615384615384616 0.05889423076923077
2 0.4963942307692308 0.5372596153846154 0.01201923076923077 0.055288461538461536
1 0.4074519230769231 0.5649038461538461 0.109375 0.13221153846153846
4 0.39302884615384615 0.43509615384615385 0.013221153846153846 0.027644230769230768
4 0.39302884615384615 0.43990384615384615 0.01201923076923077 0.03125
4 0.4326923076923077 0.44711538461538464 0.013221153846153846 0.028846153846153848
4 0.4326923076923077 0.44471153846153844 0.009615384615384616 0.02403846153846154
4 0.4735576923076923 0.49038461538461536 0.013221153846153846 0.03125
4 0.48197115384615385 0.47596153846153844 0.009615384615384616 0.03485576923076923
4 0.4831730769230769 0.47836538461538464 0.01201923076923077 0.040865384615384616