10 0.07451923076923077 0.5300480769230769 0.09735576923076923 0.07572115384615384
10 0.078125 0.5324519230769231 0.09134615384615384 0.06850961538461539
6 0.27884615384615385 0.43028846153846156 0.013221153846153846 0.04326923076923077
4 0.328125 0.42908653846153844 0.013221153846153846 0.037259615384615384
1 0.34975961538461536 0.5300480769230769 0.038461538461538464 0.046875
4 0.3701923076923077 0.4387019230769231 0.019230769230769232 0.038461538461538464
1 0.39302884615384615 0.5252403846153846 0.037259615384615384 0.040865384615384616
1 0.43509615384615385 0.5288461538461539 0.03485576923076923 0.038461538461538464
4 0.4567307692307692 0.49038461538461536 0.013221153846153846 0.037259615384615384
1 0.47716346153846156 0.5288461538461539 0.03485576923076923 0.07451923076923077
1 0.5264423076923077 0.5516826923076923 0.10096153846153846 0.12259615384615384
4 0.5276442307692307 0.4567307692307692 0.018028846153846152 0.037259615384615384
1 0.6069711538461539 0.5348557692307693 0.07572115384615384 0.07572115384615384
1 0.7632211538461539 0.5540865384615384 0.14903846153846154 0.11899038461538461
1 0.8485576923076923 0.5072115384615384 0.07451923076923077 0.07211538461538461