1 0.021634615384615384 0.5372596153846154 0.04326923076923077 0.09014423076923077
1 0.057692307692307696 0.5300480769230769 0.04927884615384615 0.046875
2 0.09615384615384616 0.5252403846153846 0.02403846153846154 0.04447115384615385
1 0.20192307692307693 0.5673076923076923 0.2247596153846154 0.24278846153846154
1 0.3088942307692308 0.5096153846153846 0.03125 0.038461538461538464
1 0.35216346153846156 0.5036057692307693 0.019230769230769232 0.03485576923076923
1 0.3701923076923077 0.5024038461538461 0.03125 0.04326923076923077
3 0.3713942307692308 0.39903846153846156 0.013221153846153846 0.037259615384615384
4 0.4230769230769231 0.39302884615384615 0.018028846153846152 0.037259615384615384
4 0.42427884615384615 0.39903846153846156 0.01201923076923077 0.028846153846153848
1 0.47115384615384615 0.49759615384615385 0.028846153846153848 0.038461538461538464
4 0.46634615384615385 0.39903846153846156 0.013221153846153846 0.028846153846153848
4 0.4675480769230769 0.38822115384615385 0.013221153846153846 0.04447115384615385
1 0.4891826923076923 0.5096153846153846 0.021634615384615384 0.06971153846153846
1 0.5180288461538461 0.5096153846153846 0.07211538461538461 0.09375
4 0.5853365384615384 0.43028846153846156 0.019230769230769232 0.040865384615384616
4 0.5817307692307693 0.4362980769230769 0.013221153846153846 0.028846153846153848
1 0.6069711538461539 0.5024038461538461 0.06009615384615385 0.052884615384615384
1 0.6117788461538461 0.49759615384615385 0.06490384615384616 0.055288461538461536
1 0.6442307692307693 0.49278846153846156 0.03365384615384615 0.056490384615384616
1 0.8834134615384616 0.5060096153846154 0.23076923076923078 0.14903846153846154