1 0.016826923076923076 0.5372596153846154 0.025240384615384616 0.04927884615384615
1 0.08052884615384616 0.5384615384615384 0.07451923076923077 0.07211538461538461
3 0.06009615384615385 0.4567307692307692 0.021634615384615384 0.040865384615384616
7 0.06009615384615385 0.46634615384615385 0.018028846153846152 0.04927884615384615
1 0.13221153846153846 0.5252403846153846 0.052884615384615384 0.07572115384615384
1 0.13221153846153846 0.5252403846153846 0.04326923076923077 0.05889423076923077
1 0.17908653846153846 0.5300480769230769 0.025240384615384616 0.037259615384615384
1 0.21514423076923078 0.5180288461538461 0.04447115384615385 0.052884615384615384
7 0.21153846153846154 0.36778846153846156 0.019230769230769232 0.055288461538461536
1 0.2512019230769231 0.5216346153846154 0.02403846153846154 0.04326923076923077
1 0.25721153846153844 0.5264423076923077 0.015625 0.05048076923076923
1 0.2764423076923077 0.5216346153846154 0.046875 0.06971153846153846
1 0.27524038461538464 0.5240384615384616 0.04326923076923077 0.05048076923076923
4 0.28846153846153844 0.37259615384615385 0.018028846153846152 0.05048076923076923
1 0.30408653846153844 0.5192307692307693 0.02403846153846154 0.0625
1 0.32572115384615385 0.515625 0.05048076923076923 0.06850961538461539
1 0.33052884615384615 0.5120192307692307 0.052884615384615384 0.06610576923076923
1 0.4495192307692308 0.5396634615384616 0.1502403846153846 0.21634615384615385
4 0.38461538461538464 0.44711538461538464 0.018028846153846152 0.04927884615384615
4 0.3870192307692308 0.4519230769230769 0.013221153846153846 0.028846153846153848
1 0.5865384615384616 0.5552884615384616 0.11778846153846154 0.09975961538461539
1 0.6021634615384616 0.49158653846153844 0.10576923076923077 0.05889423076923077
1 0.6033653846153846 0.4879807692307692 0.08413461538461539 0.046875
3 0.6069711538461539 0.4014423076923077 0.03365384615384615 0.06009615384615385
3 0.6117788461538461 0.3737980769230769 0.025240384615384616 0.08653846153846154
1 0.7019230769230769 0.5588942307692307 0.1875 0.1310096153846154