1 0.3545673076923077 0.5252403846153846 0.07211538461538461 0.052884615384615384
1 0.35697115384615385 0.5204326923076923 0.06009615384615385 0.040865384615384616
1 0.45552884615384615 0.5540865384615384 0.11298076923076923 0.13701923076923078
6 0.40865384615384615 0.42788461538461536 0.015625 0.040865384615384616
6 0.41225961538461536 0.42908653846153844 0.018028846153846152 0.040865384615384616
1 0.4519230769230769 0.5540865384615384 0.09735576923076923 0.12139423076923077
6 0.453125 0.421875 0.013221153846153846 0.038461538461538464
6 0.45552884615384615 0.41466346153846156 0.018028846153846152 0.046875
6 0.5240384615384616 0.4675480769230769 0.019230769230769232 0.04447115384615385
6 0.5276442307692307 0.4651442307692308 0.019230769230769232 0.046875
1 0.8137019230769231 0.49038461538461536 0.10336538461538461 0.0625