1 0.9242788461538461 0.6334134615384616 0.14903846153846154 0.33774038461538464
1 0.09134615384615384 0.5805288461538461 0.13221153846153846 0.15985576923076922
1 0.09014423076923077 0.5709134615384616 0.11899038461538461 0.13822115384615385
1 0.234375 0.5408653846153846 0.055288461538461536 0.06610576923076923
1 0.3269230769230769 0.5564903846153846 0.1310096153846154 0.16947115384615385
1 0.4206730769230769 0.5348557692307693 0.08413461538461539 0.11778846153846154
1 0.4206730769230769 0.53125 0.078125 0.09014423076923077
1 0.48197115384615385 0.5552884615384616 0.08052884615384616 0.12259615384615384
1 0.5588942307692307 0.5372596153846154 0.09375 0.16947115384615385
1 0.5985576923076923 0.5709134615384616 0.08052884615384616 0.1814903846153846
1 0.7439903846153846 0.5516826923076923 0.23197115384615385 0.36177884615384615