1 0.06129807692307692 0.5348557692307693 0.11298076923076923 0.06971153846153846
3 0.11899038461538461 0.28846153846153844 0.019230769230769232 0.0625
1 0.18990384615384615 0.5216346153846154 0.03365384615384615 0.03125
1 0.23557692307692307 0.5168269230769231 0.05889423076923077 0.06009615384615385
1 0.28365384615384615 0.5264423076923077 0.06490384615384616 0.08774038461538461
1 0.2860576923076923 0.53125 0.07211538461538461 0.09735576923076923
1 0.26322115384615385 0.5144230769230769 0.018028846153846152 0.027644230769230768
3 0.27884615384615385 0.37259615384615385 0.018028846153846152 0.055288461538461536
1 0.38100961538461536 0.5661057692307693 0.17548076923076922 0.1971153846153846
1 0.31009615384615385 0.5120192307692307 0.019230769230769232 0.046875
3 0.34134615384615385 0.3269230769230769 0.018028846153846152 0.04927884615384615
4 0.38221153846153844 0.41346153846153844 0.01201923076923077 0.025240384615384616
4 0.41586538461538464 0.43990384615384615 0.015625 0.03365384615384615
1 0.4567307692307692 0.5144230769230769 0.03125 0.04326923076923077
1 0.45913461538461536 0.5024038461538461 0.027644230769230768 0.055288461538461536
4 0.49759615384615385 0.4014423076923077 0.019230769230769232 0.037259615384615384
1 0.5168269230769231 0.5240384615384616 0.04447115384615385 0.046875
1 0.5180288461538461 0.5168269230769231 0.04447115384615385 0.05048076923076923
1 0.5841346153846154 0.5192307692307693 0.03365384615384615 0.038461538461538464
10 0.6730769230769231 0.5072115384615384 0.06490384615384616 0.09735576923076923
10 0.6694711538461539 0.5060096153846154 0.056490384615384616 0.09975961538461539
1 0.7223557692307693 0.5444711538461539 0.14302884615384615 0.14903846153846154
4 0.7475961538461539 0.41346153846153844 0.015625 0.04927884615384615
1 0.8137019230769231 0.5456730769230769 0.11899038461538461 0.10576923076923077
1 0.8185096153846154 0.5492788461538461 0.11778846153846154 0.12259615384615384