10 0.057692307692307696 0.4735576923076923 0.11538461538461539 0.18389423076923078
10 0.17908653846153846 0.5084134615384616 0.13822115384615385 0.171875
1 0.18509615384615385 0.48197115384615385 0.13221153846153846 0.09615384615384616
1 0.2091346153846154 0.5600961538461539 0.11899038461538461 0.12860576923076922
1 0.3485576923076923 0.5769230769230769 0.1658653846153846 0.20552884615384615
1 0.40384615384615385 0.5 0.09615384615384616 0.15985576923076922
10 0.41346153846153844 0.5288461538461539 0.09975961538461539 0.15384615384615385
1 0.5096153846153846 0.5372596153846154 0.06009615384615385 0.08052884615384616
1 0.5853365384615384 0.5336538461538461 0.10096153846153846 0.14302884615384615
1 0.6610576923076923 0.5649038461538461 0.16826923076923078 0.15625
1 0.7536057692307693 0.484375 0.09615384615384616 0.18509615384615385
10 0.7620192307692307 0.5024038461538461 0.10096153846153846 0.18028846153846154