2 0.9831730769230769 0.46875 0.028846153846153848 0.125
2 0.04807692307692308 0.5612980769230769 0.05048076923076923 0.1346153846153846
2 0.046875 0.5552884615384616 0.025240384615384616 0.1310096153846154
1 0.12259615384615384 0.5516826923076923 0.09735576923076923 0.10697115384615384
1 0.12259615384615384 0.5564903846153846 0.07572115384615384 0.08413461538461539
1 0.22716346153846154 0.5420673076923077 0.08774038461538461 0.10697115384615384
1 0.28725961538461536 0.5252403846153846 0.025240384615384616 0.04927884615384615
1 0.36538461538461536 0.5132211538461539 0.040865384615384616 0.06490384615384616
1 0.4326923076923077 0.5192307692307693 0.056490384615384616 0.06850961538461539
1 0.43509615384615385 0.5192307692307693 0.046875 0.05889423076923077
2 0.5709134615384616 0.5084134615384616 0.018028846153846152 0.12740384615384615
3 0.5829326923076923 0.3088942307692308 0.028846153846153848 0.09014423076923077
2 0.5865384615384616 0.5180288461538461 0.019230769230769232 0.12740384615384615
2 0.5961538461538461 0.5180288461538461 0.021634615384615384 0.11899038461538461
2 0.6201923076923077 0.5024038461538461 0.028846153846153848 0.1310096153846154