1 0.8966346153846154 0.6009615384615384 0.20552884615384615 0.2776442307692308
1 0.03365384615384615 0.5913461538461539 0.06610576923076923 0.13701923076923078
1 0.06370192307692307 0.5661057692307693 0.125 0.12259615384615384
1 0.15384615384615385 0.5661057692307693 0.09735576923076923 0.09014423076923077
1 0.19951923076923078 0.546875 0.10576923076923077 0.109375
1 0.3137019230769231 0.5420673076923077 0.078125 0.109375
1 0.35697115384615385 0.5336538461538461 0.040865384615384616 0.07451923076923077
1 0.45072115384615385 0.5396634615384616 0.0625 0.08052884615384616
1 0.6057692307692307 0.5372596153846154 0.09375 0.08413461538461539
1 0.6346153846153846 0.5552884615384616 0.052884615384615384 0.1346153846153846
1 0.71875 0.5504807692307693 0.15264423076923078 0.19110576923076922
1 0.7932692307692307 0.5697115384615384 0.1935096153846154 0.21514423076923078