1 0.025240384615384616 0.5504807692307693 0.05048076923076923 0.08173076923076923
1 0.030048076923076924 0.5540865384615384 0.046875 0.078125
1 0.10096153846153846 0.5420673076923077 0.11538461538461539 0.12740384615384615
2 0.12139423076923077 0.5564903846153846 0.04326923076923077 0.1502403846153846
1 0.1622596153846154 0.5288461538461539 0.027644230769230768 0.038461538461538464
1 0.2536057692307692 0.5180288461538461 0.037259615384615384 0.056490384615384616
1 0.2536057692307692 0.5192307692307693 0.028846153846153848 0.038461538461538464
1 0.33774038461538464 0.5336538461538461 0.08774038461538461 0.11177884615384616
6 0.43509615384615385 0.34375 0.021634615384615384 0.08653846153846154
2 0.5961538461538461 0.53125 0.038461538461538464 0.15384615384615385
2 0.6983173076923077 0.5132211538461539 0.03485576923076923 0.140625
2 0.8822115384615384 0.5096153846153846 0.03485576923076923 0.1502403846153846