0 0.030048076923076924 0.5456730769230769 0.06009615384615385 0.21875
0 0.037259615384615384 0.5516826923076923 0.04447115384615385 0.09014423076923077
2 0.042067307692307696 0.5480769230769231 0.028846153846153848 0.08413461538461539
2 0.040865384615384616 0.5492788461538461 0.021634615384615384 0.07451923076923077
2 0.08052884615384616 0.5516826923076923 0.018028846153846152 0.07572115384615384
1 0.33052884615384615 0.6526442307692307 0.33052884615384615 0.41346153846153844
7 0.2800480769230769 0.27524038461538464 0.019230769230769232 0.0625
6 0.3894230769230769 0.28725961538461536 0.018028846153846152 0.06971153846153846
2 0.5240384615384616 0.5240384615384616 0.013221153846153846 0.055288461538461536
1 0.5961538461538461 0.53125 0.1502403846153846 0.09134615384615384
6 0.5625 0.40865384615384615 0.021634615384615384 0.0625
0 0.6610576923076923 0.5240384615384616 0.027644230769230768 0.08653846153846154
0 0.7788461538461539 0.5264423076923077 0.06009615384615385 0.09615384615384616
0 0.8605769230769231 0.5216346153846154 0.06610576923076923 0.09375