1 0.07451923076923077 0.515625 0.1466346153846154 0.16826923076923078
1 0.24278846153846154 0.49278846153846156 0.15625 0.16826923076923078
7 0.26322115384615385 0.32091346153846156 0.018028846153846152 0.046875
6 0.2644230769230769 0.31490384615384615 0.019230769230769232 0.03125
6 0.31490384615384615 0.31009615384615385 0.019230769230769232 0.025240384615384616
1 0.32572115384615385 0.47716346153846156 0.040865384615384616 0.04326923076923077
7 0.31971153846153844 0.3173076923076923 0.019230769230769232 0.052884615384615384
1 0.49399038461538464 0.5817307692307693 0.27884615384615385 0.3473557692307692
6 0.3942307692307692 0.31971153846153844 0.015625 0.04447115384615385
6 0.44711538461538464 0.31971153846153844 0.021634615384615384 0.046875
6 0.5709134615384616 0.3786057692307692 0.019230769230769232 0.03485576923076923
1 0.8257211538461539 0.453125 0.13701923076923078 0.08413461538461539
1 0.8257211538461539 0.45072115384615385 0.12139423076923077 0.06610576923076923