1 0.13341346153846154 0.49759615384615385 0.07211538461538461 0.05889423076923077
4 0.24759615384615385 0.45913461538461536 0.019230769230769232 0.038461538461538464
10 0.37740384615384615 0.4855769230769231 0.06610576923076923 0.09134615384615384
10 0.3737980769230769 0.49158653846153844 0.05889423076923077 0.07451923076923077
1 0.44471153846153844 0.5072115384615384 0.04927884615384615 0.056490384615384616
4 0.43509615384615385 0.38221153846153844 0.018028846153846152 0.037259615384615384
1 0.49278846153846156 0.4963942307692308 0.03365384615384615 0.038461538461538464
4 0.5192307692307693 0.3894230769230769 0.013221153846153846 0.038461538461538464
4 0.5240384615384616 0.38822115384615385 0.02403846153846154 0.037259615384615384
1 0.5661057692307693 0.4951923076923077 0.056490384615384616 0.052884615384615384
4 0.5805288461538461 0.43990384615384615 0.018028846153846152 0.03485576923076923
4 0.5817307692307693 0.44591346153846156 0.015625 0.028846153846153848
4 0.6418269230769231 0.4230769230769231 0.018028846153846152 0.027644230769230768
4 0.6418269230769231 0.4170673076923077 0.009615384615384616 0.037259615384615384
1 0.7548076923076923 0.5552884615384616 0.2247596153846154 0.265625