1 0.17668269230769232 0.4963942307692308 0.09014423076923077 0.06850961538461539
1 0.36658653846153844 0.5084134615384616 0.06610576923076923 0.06610576923076923
1 0.421875 0.49158653846153844 0.040865384615384616 0.052884615384615384
1 0.4206730769230769 0.4891826923076923 0.028846153846153848 0.04447115384615385
1 0.4699519230769231 0.4987980769230769 0.03485576923076923 0.038461538461538464
10 0.5336538461538461 0.47836538461538464 0.03485576923076923 0.07451923076923077
3 0.5697115384615384 0.028846153846153848 0.027644230769230768 0.056490384615384616
3 0.5661057692307693 0.3605769230769231 0.013221153846153846 0.052884615384615384
1 0.6670673076923077 0.4831730769230769 0.10336538461538461 0.06490384615384616
6 0.6538461538461539 0.3557692307692308 0.015625 0.040865384615384616
6 0.7259615384615384 0.40384615384615385 0.015625 0.04326923076923077
6 0.7295673076923077 0.40865384615384615 0.013221153846153846 0.027644230769230768
6 0.8016826923076923 0.06971153846153846 0.025240384615384616 0.09014423076923077
2 0.8329326923076923 0.48197115384615385 0.03125 0.08774038461538461
2 0.8365384615384616 0.48197115384615385 0.025240384615384616 0.056490384615384616
0 0.9699519230769231 0.49278846153846156 0.028846153846153848 0.10096153846153846
2 0.9759615384615384 0.47716346153846156 0.03125 0.15625
2 0.9915865384615384 0.48197115384615385 0.01201923076923077 0.08413461538461539