1 0.9158653846153846 0.49038461538461536 0.09615384615384616 0.04326923076923077
3 0.06129807692307692 0.07211538461538461 0.0985576923076923 0.14423076923076922
1 0.13341346153846154 0.49759615384615385 0.07211538461538461 0.06971153846153846
1 0.45072115384615385 0.49759615384615385 0.021634615384615384 0.046875
1 0.47475961538461536 0.4987980769230769 0.03485576923076923 0.04927884615384615
1 0.5456730769230769 0.49158653846153844 0.125 0.09134615384615384
6 0.5649038461538461 0.3641826923076923 0.018028846153846152 0.04927884615384615
3 0.5709134615384616 0.026442307692307692 0.028846153846153848 0.052884615384615384
6 0.6538461538461539 0.35697115384615385 0.018028846153846152 0.055288461538461536
1 0.7776442307692307 0.5024038461538461 0.140625 0.06971153846153846
6 0.7283653846153846 0.41586538461538464 0.018028846153846152 0.052884615384615384
6 0.8004807692307693 0.07692307692307693 0.028846153846153848 0.10576923076923077
1 0.8617788461538461 0.4891826923076923 0.07211538461538461 0.055288461538461536