1 0.06370192307692307 0.5264423076923077 0.12740384615384615 0.2439903846153846
1 0.06490384615384616 0.49158653846153844 0.09014423076923077 0.09014423076923077
1 0.15384615384615385 0.5072115384615384 0.04927884615384615 0.05048076923076923
1 0.2512019230769231 0.5084134615384616 0.171875 0.19951923076923078
1 0.2668269230769231 0.5144230769230769 0.1622596153846154 0.17548076923076922
7 0.2512019230769231 0.34375 0.02403846153846154 0.0625
3 0.2536057692307692 0.33533653846153844 0.019230769230769232 0.05048076923076923
1 0.48197115384615385 0.6370192307692307 0.46153846153846156 0.47596153846153844
3 0.30649038461538464 0.3449519230769231 0.019230769230769232 0.056490384615384616
4 0.38461538461538464 0.34375 0.019230769230769232 0.055288461538461536
3 0.3918269230769231 0.3329326923076923 0.018028846153846152 0.046875
4 0.44591346153846156 0.3485576923076923 0.03365384615384615 0.07572115384615384
6 0.44591346153846156 0.34134615384615385 0.018028846153846152 0.04927884615384615
4 0.5697115384615384 0.41466346153846156 0.018028846153846152 0.06009615384615385
4 0.5721153846153846 0.40625 0.018028846153846152 0.04447115384615385
1 0.8353365384615384 0.4855769230769231 0.13221153846153846 0.09615384615384616