1 0.12980769230769232 0.5396634615384616 0.08173076923076923 0.056490384615384616
1 0.13221153846153846 0.5384615384615384 0.08413461538461539 0.04927884615384615
1 0.33774038461538464 0.5324519230769231 0.06610576923076923 0.04927884615384615
7 0.3233173076923077 0.4519230769230769 0.013221153846153846 0.038461538461538464
1 0.41346153846153844 0.5216346153846154 0.037259615384615384 0.040865384615384616
1 0.41346153846153844 0.5192307692307693 0.028846153846153848 0.03485576923076923
1 0.43990384615384615 0.5252403846153846 0.04326923076923077 0.04326923076923077
1 0.5372596153846154 0.5060096153846154 0.08052884615384616 0.1346153846153846
10 0.5336538461538461 0.5072115384615384 0.06490384615384616 0.12740384615384615
7 0.5492788461538461 0.375 0.013221153846153846 0.03365384615384615
1 0.5757211538461539 0.5132211538461539 0.037259615384615384 0.06009615384615385
4 0.6129807692307693 0.37259615384615385 0.015625 0.04326923076923077
1 0.6430288461538461 0.5108173076923077 0.037259615384615384 0.04447115384615385
1 0.7079326923076923 0.5120192307692307 0.03125 0.04326923076923077
4 0.7331730769230769 0.40625 0.027644230769230768 0.07211538461538461
1 0.7728365384615384 0.5108173076923077 0.09615384615384616 0.05889423076923077