2 0.07211538461538461 0.5084134615384616 0.019230769230769232 0.046875
1 0.2247596153846154 0.5384615384615384 0.09134615384615384 0.11538461538461539
1 0.2283653846153846 0.53125 0.08653846153846154 0.10697115384615384
1 0.28966346153846156 0.5240384615384616 0.04927884615384615 0.05048076923076923
4 0.28365384615384615 0.43990384615384615 0.015625 0.040865384615384616
1 0.3737980769230769 0.5685096153846154 0.14423076923076922 0.18990384615384615
1 0.44471153846153844 0.5192307692307693 0.052884615384615384 0.09735576923076923
1 0.4855769230769231 0.5132211538461539 0.03485576923076923 0.06610576923076923
4 0.49038461538461536 0.42427884615384615 0.021634615384615384 0.040865384615384616
4 0.49158653846153844 0.42427884615384615 0.018028846153846152 0.038461538461538464
2 0.5084134615384616 0.515625 0.019230769230769232 0.08173076923076923
2 0.515625 0.515625 0.013221153846153846 0.08653846153846154
1 0.6274038461538461 0.5372596153846154 0.14423076923076922 0.16826923076923078
1 0.8161057692307693 0.5528846153846154 0.23677884615384615 0.23197115384615385