1 0.07211538461538461 0.5552884615384616 0.12740384615384615 0.09134615384615384
1 0.08413461538461539 0.5600961538461539 0.08173076923076923 0.078125
1 0.14302884615384615 0.5408653846153846 0.08774038461538461 0.078125
1 0.20552884615384615 0.5372596153846154 0.07451923076923077 0.052884615384615384
1 0.24639423076923078 0.53125 0.055288461538461536 0.05048076923076923
1 0.40865384615384615 0.5372596153846154 0.08413461538461539 0.11899038461538461
4 0.4651442307692308 0.4543269230769231 0.009615384615384616 0.03125
1 0.546875 0.5024038461538461 0.09134615384615384 0.06971153846153846
1 0.5492788461538461 0.5144230769230769 0.09134615384615384 0.06971153846153846
1 0.5805288461538461 0.5288461538461539 0.11778846153846154 0.07451923076923077
2 0.7199519230769231 0.49759615384615385 0.027644230769230768 0.11177884615384616
2 0.7427884615384616 0.48677884615384615 0.019230769230769232 0.09014423076923077
2 0.7487980769230769 0.49158653846153844 0.027644230769230768 0.09615384615384616
2 0.7728365384615384 0.4891826923076923 0.025240384615384616 0.09735576923076923