2 0.8377403846153846 0.546875 0.040865384615384616 0.11177884615384616
1 0.02283653846153846 0.5745192307692307 0.04447115384615385 0.109375
1 0.04447115384615385 0.5649038461538461 0.03365384615384615 0.09735576923076923
1 0.1310096153846154 0.5528846153846154 0.06850961538461539 0.10096153846153846
1 0.12860576923076922 0.5492788461538461 0.056490384615384616 0.08653846153846154
1 0.2127403846153846 0.5408653846153846 0.055288461538461536 0.06610576923076923
1 0.31850961538461536 0.5552884615384616 0.12259615384615384 0.1658653846153846
1 0.38221153846153844 0.5384615384615384 0.028846153846153848 0.06971153846153846
1 0.4098557692307692 0.5432692307692307 0.056490384615384616 0.11778846153846154
1 0.45913461538461536 0.5348557692307693 0.06490384615384616 0.12740384615384615
1 0.47596153846153844 0.5576923076923077 0.03125 0.09975961538461539
1 0.5372596153846154 0.5324519230769231 0.10697115384615384 0.19951923076923078
1 0.6742788461538461 0.5685096153846154 0.20072115384615385 0.17427884615384615
2 0.78125 0.5408653846153846 0.027644230769230768 0.10336538461538461