3 0.07091346153846154 0.08533653846153846 0.109375 0.15625
1 0.09735576923076923 0.5 0.03365384615384615 0.06971153846153846
1 0.17668269230769232 0.49759615384615385 0.09975961538461539 0.06009615384615385
1 0.23197115384615385 0.5276442307692307 0.15865384615384615 0.1346153846153846
1 0.23918269230769232 0.5204326923076923 0.13221153846153846 0.10576923076923077
1 0.3161057692307692 0.49759615384615385 0.08052884615384616 0.055288461538461536
1 0.32091346153846156 0.49158653846153844 0.07572115384615384 0.07211538461538461
1 0.4411057692307692 0.5012019230769231 0.046875 0.05889423076923077
1 0.4723557692307692 0.49278846153846156 0.018028846153846152 0.037259615384615384
1 0.49399038461538464 0.49759615384615385 0.027644230769230768 0.04326923076923077
3 0.5673076923076923 0.3605769230769231 0.015625 0.052884615384615384
1 0.6466346153846154 0.4855769230769231 0.052884615384615384 0.06610576923076923
1 0.6514423076923077 0.48677884615384615 0.052884615384615384 0.06610576923076923
3 0.6526442307692307 0.3557692307692308 0.015625 0.04326923076923077
1 0.7091346153846154 0.5144230769230769 0.08774038461538461 0.08774038461538461
1 0.7043269230769231 0.5108173076923077 0.07451923076923077 0.08653846153846154
1 0.6935096153846154 0.47475961538461536 0.037259615384615384 0.03485576923076923
1 0.7019230769230769 0.4639423076923077 0.04447115384615385 0.028846153846153848
4 0.7259615384615384 0.41346153846153844 0.018028846153846152 0.04927884615384615
1 0.8149038461538461 0.5108173076923077 0.12740384615384615 0.12860576923076922
1 0.8173076923076923 0.5168269230769231 0.125 0.1466346153846154
4 0.8004807692307693 0.07692307692307693 0.05048076923076923 0.11778846153846154
3 0.8004807692307693 0.07451923076923077 0.027644230769230768 0.09134615384615384
1 0.8882211538461539 0.515625 0.03365384615384615 0.12860576923076922