1 0.051682692307692304 0.5276442307692307 0.10336538461538461 0.16826923076923078
1 0.20192307692307693 0.5216346153846154 0.18389423076923078 0.1935096153846154
6 0.2548076923076923 0.3269230769230769 0.019230769230769232 0.028846153846153848
7 0.25841346153846156 0.34134615384615385 0.018028846153846152 0.046875
1 0.31971153846153844 0.49399038461538464 0.038461538461538464 0.040865384615384616
6 0.31009615384615385 0.32572115384615385 0.019230769230769232 0.028846153846153848
7 0.3112980769230769 0.3317307692307692 0.019230769230769232 0.05048076923076923
1 0.48677884615384615 0.6274038461538461 0.3629807692307692 0.4338942307692308
6 0.390625 0.33653846153846156 0.013221153846153846 0.04447115384615385
6 0.45072115384615385 0.3329326923076923 0.021634615384615384 0.046875
6 0.5721153846153846 0.3858173076923077 0.019230769230769232 0.03485576923076923
1 0.8533653846153846 0.5336538461538461 0.171875 0.20673076923076922