1 0.5336538461538461 0.5384615384615384 0.16826923076923078 0.09615384615384616
1 0.12139423076923077 0.5396634615384616 0.078125 0.06971153846153846
1 0.33052884615384615 0.6502403846153846 0.3245192307692308 0.4098557692307692
7 0.2800480769230769 0.27524038461538464 0.019230769230769232 0.055288461538461536
6 0.3918269230769231 0.28725961538461536 0.015625 0.0625
6 0.5637019230769231 0.4074519230769231 0.018028846153846152 0.05889423076923077
2 0.5901442307692307 0.5072115384615384 0.019230769230769232 0.06009615384615385
0 0.6598557692307693 0.5276442307692307 0.037259615384615384 0.09134615384615384
0 0.7848557692307693 0.5216346153846154 0.06490384615384616 0.09975961538461539
1 0.9543269230769231 0.5192307692307693 0.09014423076923077 0.08774038461538461
1 0.9735576923076923 0.5300480769230769 0.04927884615384615 0.08413461538461539