1 0.18269230769230768 0.5612980769230769 0.09615384615384616 0.10336538461538461
1 0.18028846153846154 0.5600961538461539 0.08774038461538461 0.09615384615384616
1 0.2920673076923077 0.5264423076923077 0.04326923076923077 0.05048076923076923
1 0.2920673076923077 0.5288461538461539 0.037259615384615384 0.040865384615384616
1 0.34134615384615385 0.5024038461538461 0.056490384615384616 0.05048076923076923
1 0.4182692307692308 0.5048076923076923 0.040865384615384616 0.056490384615384616
1 0.41947115384615385 0.5072115384615384 0.03365384615384615 0.038461538461538464
0 0.4579326923076923 0.5144230769230769 0.021634615384615384 0.06490384615384616
0 0.4579326923076923 0.5180288461538461 0.018028846153846152 0.08052884615384616
1 0.5132211538461539 0.5072115384615384 0.03125 0.06009615384615385
1 0.5600961538461539 0.5144230769230769 0.06971153846153846 0.06610576923076923
1 0.6983173076923077 0.49278846153846156 0.17427884615384615 0.10096153846153846
1 0.8786057692307693 0.49278846153846156 0.23798076923076922 0.16346153846153846