3 0.08173076923076923 0.078125 0.16346153846153846 0.15625
1 0.12860576923076922 0.5216346153846154 0.18509615384615385 0.14302884615384615
1 0.14783653846153846 0.5168269230769231 0.15985576923076922 0.140625
1 0.19831730769230768 0.49759615384615385 0.055288461538461536 0.08173076923076923
1 0.3942307692307692 0.5132211538461539 0.056490384615384616 0.0625
1 0.44471153846153844 0.49759615384615385 0.02403846153846154 0.038461538461538464
1 0.48677884615384615 0.4963942307692308 0.038461538461538464 0.04447115384615385
3 0.5625 0.3713942307692308 0.025240384615384616 0.07211538461538461
1 0.5997596153846154 0.484375 0.05048076923076923 0.055288461538461536
1 0.6069711538461539 0.484375 0.038461538461538464 0.06490384615384616
1 0.6358173076923077 0.49278846153846156 0.04927884615384615 0.055288461538461536
1 0.6394230769230769 0.48677884615384615 0.037259615384615384 0.04927884615384615
3 0.6526442307692307 0.3557692307692308 0.015625 0.040865384615384616
1 0.6634615384615384 0.4855769230769231 0.03485576923076923 0.03485576923076923
1 0.6694711538461539 0.49038461538461536 0.018028846153846152 0.056490384615384616
1 0.7247596153846154 0.5168269230769231 0.06850961538461539 0.11298076923076923
1 0.7283653846153846 0.5048076923076923 0.07572115384615384 0.08653846153846154
4 0.7259615384615384 0.41346153846153844 0.018028846153846152 0.04927884615384615
1 0.8161057692307693 0.5048076923076923 0.13701923076923078 0.16947115384615385
8 0.8004807692307693 0.07692307692307693 0.05048076923076923 0.11778846153846154
3 0.8004807692307693 0.07451923076923077 0.025240384615384616 0.09134615384615384
2 0.9771634615384616 0.484375 0.028846153846153848 0.09615384615384616
2 0.9819711538461539 0.49399038461538464 0.025240384615384616 0.1310096153846154