1 0.039663461538461536 0.5649038461538461 0.07932692307692307 0.11057692307692307
1 0.10697115384615384 0.5384615384615384 0.03365384615384615 0.04447115384615385
1 0.11177884615384616 0.5384615384615384 0.03365384615384615 0.052884615384615384
1 0.25240384615384615 0.5276442307692307 0.040865384615384616 0.0625
1 0.25240384615384615 0.5288461538461539 0.037259615384615384 0.05048076923076923
1 0.34134615384615385 0.5600961538461539 0.11778846153846154 0.14903846153846154
1 0.34134615384615385 0.5625 0.11778846153846154 0.1622596153846154
7 0.32572115384615385 0.33774038461538464 0.021634615384615384 0.05048076923076923
7 0.32572115384615385 0.3389423076923077 0.019230769230769232 0.04927884615384615
6 0.4170673076923077 0.34615384615384615 0.018028846153846152 0.06009615384615385
6 0.42908653846153844 0.34375 0.019230769230769232 0.055288461538461536
1 0.5180288461538461 0.5432692307692307 0.06971153846153846 0.16346153846153846
1 0.5228365384615384 0.5360576923076923 0.06971153846153846 0.15264423076923078
6 0.4987980769230769 0.36778846153846156 0.015625 0.05048076923076923
6 0.4987980769230769 0.36538461538461536 0.013221153846153846 0.046875
1 0.6274038461538461 0.5685096153846154 0.1971153846153846 0.22235576923076922
6 0.5973557692307693 0.43509615384615385 0.021634615384615384 0.056490384615384616
3 0.5973557692307693 0.4254807692307692 0.015625 0.040865384615384616
1 0.8028846153846154 0.5336538461538461 0.2127403846153846 0.1971153846153846
1 0.8016826923076923 0.5108173076923077 0.2091346153846154 0.2439903846153846
1 0.9182692307692307 0.5961538461538461 0.15985576923076922 0.265625