1 0.24519230769230768 0.5588942307692307 0.06850961538461539 0.08052884615384616
1 0.24879807692307693 0.5588942307692307 0.06971153846153846 0.07572115384615384
1 0.2932692307692308 0.5444711538461539 0.038461538461538464 0.04927884615384615
1 0.32572115384615385 0.5336538461538461 0.03365384615384615 0.046875
6 0.4579326923076923 0.38221153846153844 0.01201923076923077 0.038461538461538464
7 0.4579326923076923 0.3798076923076923 0.01201923076923077 0.028846153846153848
1 0.49759615384615385 0.53125 0.06009615384615385 0.07451923076923077
1 0.4963942307692308 0.5300480769230769 0.05048076923076923 0.08052884615384616
4 0.5288461538461539 0.39302884615384615 0.018028846153846152 0.037259615384615384
4 0.5276442307692307 0.39783653846153844 0.01201923076923077 0.03125
4 0.6117788461538461 0.4579326923076923 0.01201923076923077 0.028846153846153848
4 0.6322115384615384 0.44471153846153844 0.01201923076923077 0.03365384615384615
0 0.8149038461538461 0.5384615384615384 0.055288461538461536 0.265625