2 0.6009615384615384 0.5240384615384616 0.019230769230769232 0.08173076923076923
2 0.018028846153846152 0.5480769230769231 0.021634615384615384 0.08653846153846154
2 0.020432692307692308 0.5552884615384616 0.018028846153846152 0.07451923076923077
2 0.03365384615384615 0.5552884615384616 0.018028846153846152 0.052884615384615384
2 0.08653846153846154 0.5456730769230769 0.07211538461538461 0.1778846153846154
2 0.06490384615384616 0.5300480769230769 0.021634615384615384 0.056490384615384616
1 0.1814903846153846 0.546875 0.15625 0.09975961538461539
2 0.16706730769230768 0.5384615384615384 0.06490384615384616 0.18028846153846154
6 0.17427884615384615 0.41225961538461536 0.013221153846153846 0.038461538461538464
1 0.3161057692307692 0.6033653846153846 0.1971153846153846 0.2403846153846154
1 0.40865384615384615 0.5252403846153846 0.055288461538461536 0.08052884615384616
1 0.4098557692307692 0.5228365384615384 0.055288461538461536 0.07211538461538461
6 0.48677884615384615 0.38461538461538464 0.018028846153846152 0.056490384615384616
2 0.5564903846153846 0.5396634615384616 0.028846153846153848 0.15985576923076922
2 0.6754807692307693 0.5372596153846154 0.037259615384615384 0.15384615384615385
2 0.7007211538461539 0.5192307692307693 0.046875 0.17548076923076922
2 0.6971153846153846 0.5204326923076923 0.03365384615384615 0.171875