1 0.30408653846153844 0.5288461538461539 0.037259615384615384 0.046875
1 0.28365384615384615 0.5372596153846154 0.038461538461538464 0.052884615384615384
1 0.24158653846153846 0.5396634615384616 0.06490384615384616 0.06490384615384616
1 0.18028846153846154 0.5564903846153846 0.08173076923076923 0.09014423076923077
3 0.016826923076923076 0.359375 0.03125 0.09615384615384616
2 0.09615384615384616 0.5276442307692307 0.015625 0.052884615384615384
2 0.26322115384615385 0.5336538461538461 0.03125 0.12860576923076922
2 0.42908653846153844 0.5180288461538461 0.01201923076923077 0.04326923076923077
1 0.5048076923076923 0.5252403846153846 0.056490384615384616 0.09375
3 0.5204326923076923 0.32572115384615385 0.03485576923076923 0.09975961538461539
2 0.5889423076923077 0.5192307692307693 0.037259615384615384 0.09375
2 0.6382211538461539 0.5072115384615384 0.027644230769230768 0.11778846153846154
2 0.6634615384615384 0.5096153846153846 0.037259615384615384 0.11177884615384616
2 0.6622596153846154 0.5132211538461539 0.025240384615384616 0.09615384615384616
1 0.8737980769230769 0.5192307692307693 0.24759615384615385 0.12139423076923077
2 0.8605769230769231 0.4807692307692308 0.03485576923076923 0.1466346153846154