1 0.07932692307692307 0.5588942307692307 0.15865384615384615 0.16947115384615385
2 0.040865384615384616 0.5600961538461539 0.07451923076923077 0.2283653846153846
1 0.18629807692307693 0.5516826923076923 0.056490384615384616 0.07451923076923077
1 0.2247596153846154 0.5552884615384616 0.05048076923076923 0.06971153846153846
1 0.22355769230769232 0.5564903846153846 0.021634615384615384 0.05048076923076923
1 0.5216346153846154 0.5480769230769231 0.03125 0.055288461538461536
1 0.5192307692307693 0.5540865384615384 0.02403846153846154 0.04447115384615385
1 0.5384615384615384 0.5528846153846154 0.021634615384615384 0.06850961538461539
1 0.5564903846153846 0.5576923076923077 0.04447115384615385 0.06850961538461539
1 0.5649038461538461 0.5552884615384616 0.052884615384615384 0.06490384615384616
1 0.6237980769230769 0.5612980769230769 0.08653846153846154 0.09014423076923077
1 0.7115384615384616 0.5709134615384616 0.09134615384615384 0.08653846153846154
1 0.8028846153846154 0.5757211538461539 0.08774038461538461 0.08653846153846154
1 0.9014423076923077 0.5805288461538461 0.09134615384615384 0.09014423076923077
1 0.9675480769230769 0.5829326923076923 0.0625 0.09375