1 0.18028846153846154 0.5180288461538461 0.12259615384615384 0.10576923076923077
1 0.24639423076923078 0.5060096153846154 0.040865384615384616 0.06610576923076923
1 0.27524038461538464 0.5024038461538461 0.04927884615384615 0.06009615384615385
1 0.27884615384615385 0.5 0.028846153846153848 0.040865384615384616
3 0.2848557692307692 0.06129807692307692 0.021634615384615384 0.09375
1 0.30528846153846156 0.5 0.025240384615384616 0.04326923076923077
1 0.3161057692307692 0.49759615384615385 0.025240384615384616 0.04447115384615385
1 0.34134615384615385 0.5012019230769231 0.028846153846153848 0.038461538461538464
1 0.36177884615384615 0.4963942307692308 0.025240384615384616 0.04447115384615385
1 0.40865384615384615 0.5 0.05889423076923077 0.06490384615384616
4 0.4254807692307692 0.09014423076923077 0.027644230769230768 0.09014423076923077
1 0.44471153846153844 0.5024038461538461 0.027644230769230768 0.055288461538461536
1 0.5228365384615384 0.49158653846153844 0.11177884615384616 0.07211538461538461
1 0.5516826923076923 0.5168269230769231 0.1346153846153846 0.07451923076923077