2 0.06009615384615385 0.5961538461538461 0.027644230769230768 0.16947115384615385
2 0.08052884615384616 0.5865384615384616 0.04447115384615385 0.16346153846153846
2 0.15985576923076922 0.5817307692307693 0.03365384615384615 0.2091346153846154
6 0.17307692307692307 0.4182692307692308 0.021634615384615384 0.06610576923076923
2 0.18269230769230768 0.5769230769230769 0.027644230769230768 0.20552884615384615
2 0.2091346153846154 0.5745192307692307 0.025240384615384616 0.171875
2 0.21754807692307693 0.6021634615384616 0.009615384615384616 0.13822115384615385
2 0.2439903846153846 0.5673076923076923 0.037259615384615384 0.21875
2 0.2439903846153846 0.5625 0.025240384615384616 0.19471153846153846
1 0.27884615384615385 0.5456730769230769 0.02403846153846154 0.055288461538461536
2 0.29927884615384615 0.5757211538461539 0.037259615384615384 0.19951923076923078
2 0.3245192307692308 0.5625 0.021634615384615384 0.18509615384615385
2 0.35697115384615385 0.5697115384615384 0.03125 0.22115384615384615
1 0.3942307692307692 0.5168269230769231 0.03365384615384615 0.046875
2 0.47475961538461536 0.5324519230769231 0.028846153846153848 0.09615384615384616
1 0.5096153846153846 0.5252403846153846 0.052884615384615384 0.08052884615384616
1 0.5084134615384616 0.53125 0.04326923076923077 0.06610576923076923
2 0.5709134615384616 0.5552884615384616 0.03365384615384615 0.2091346153846154
6 0.5745192307692307 0.3954326923076923 0.019230769230769232 0.0625
2 0.5769230769230769 0.5516826923076923 0.025240384615384616 0.18990384615384615
2 0.5997596153846154 0.5540865384615384 0.052884615384615384 0.1971153846153846
2 0.6382211538461539 0.5480769230769231 0.05048076923076923 0.1778846153846154
2 0.6382211538461539 0.5432692307692307 0.03365384615384615 0.16947115384615385
1 0.8701923076923077 0.6935096153846154 0.25600961538461536 0.5192307692307693
2 0.8665865384615384 0.45552884615384615 0.025240384615384616 0.07572115384615384