2 0.9867788461538461 0.5745192307692307 0.021634615384615384 0.21875
2 0.8581730769230769 0.5504807692307693 0.04927884615384615 0.1658653846153846
10 0.6887019230769231 0.484375 0.11538461538461539 0.234375
1 0.13581730769230768 0.5661057692307693 0.2692307692307692 0.20072115384615385
1 0.09615384615384616 0.6165865384615384 0.18389423076923078 0.18389423076923078
1 0.2956730769230769 0.5961538461538461 0.07572115384615384 0.09975961538461539
1 0.3016826923076923 0.5997596153846154 0.07572115384615384 0.10096153846153846
1 0.34975961538461536 0.5600961538461539 0.06971153846153846 0.07211538461538461
1 0.37259615384615385 0.5372596153846154 0.10336538461538461 0.08774038461538461
1 0.42908653846153844 0.5709134615384616 0.046875 0.08653846153846154
1 0.4639423076923077 0.5264423076923077 0.05048076923076923 0.037259615384615384
1 0.5408653846153846 0.5552884615384616 0.15384615384615385 0.2091346153846154