2 0.12139423076923077 0.4963942307692308 0.009615384615384616 0.03125
2 0.13822115384615385 0.49278846153846156 0.018028846153846152 0.05048076923076923
1 0.06971153846153846 0.49759615384615385 0.13822115384615385 0.5096153846153846
10 0.07091346153846154 0.5216346153846154 0.13822115384615385 0.5600961538461539
1 0.2920673076923077 0.4735576923076923 0.12740384615384615 0.13701923076923078
10 0.2848557692307692 0.48197115384615385 0.11177884615384616 0.140625
1 0.3942307692307692 0.5072115384615384 0.09014423076923077 0.09735576923076923
1 0.44471153846153844 0.48197115384615385 0.037259615384615384 0.055288461538461536
1 0.45072115384615385 0.48677884615384615 0.040865384615384616 0.06971153846153846
1 0.5036057692307693 0.5096153846153846 0.06009615384615385 0.07451923076923077
1 0.6237980769230769 0.5024038461538461 0.07451923076923077 0.09975961538461539