1 0.3425480769230769 0.4963942307692308 0.06610576923076923 0.06850961538461539
1 0.3473557692307692 0.49158653846153844 0.06490384615384616 0.04326923076923077
1 0.44350961538461536 0.4699519230769231 0.04927884615384615 0.03125
1 0.5420673076923077 0.49759615384615385 0.056490384615384616 0.06971153846153846
1 0.5432692307692307 0.49278846153846156 0.05048076923076923 0.055288461538461536
7 0.5637019230769231 0.23918269230769232 0.02403846153846154 0.0625
7 0.5637019230769231 0.23677884615384615 0.018028846153846152 0.055288461538461536
4 0.6790865384615384 0.24759615384615385 0.021634615384615384 0.06610576923076923
4 0.6790865384615384 0.2644230769230769 0.018028846153846152 0.04326923076923077
1 0.6959134615384616 0.47716346153846156 0.03485576923076923 0.03485576923076923
1 0.8557692307692307 0.4855769230769231 0.040865384615384616 0.05048076923076923
1 0.8545673076923077 0.49038461538461536 0.03365384615384615 0.04326923076923077
4 0.9735576923076923 0.3858173076923077 0.021634615384615384 0.03125
4 0.9783653846153846 0.375 0.019230769230769232 0.06610576923076923