1 0.042067307692307696 0.6117788461538461 0.08413461538461539 0.24759615384615385
1 0.8653846153846154 0.6658653846153846 0.26802884615384615 0.6658653846153846
2 0.09975961538461539 0.5805288461538461 0.021634615384615384 0.07211538461538461
2 0.12259615384615384 0.5757211538461539 0.03485576923076923 0.078125
2 0.12379807692307693 0.5757211538461539 0.028846153846153848 0.08653846153846154
1 0.26802884615384615 0.5480769230769231 0.05048076923076923 0.07451923076923077
1 0.3173076923076923 0.5432692307692307 0.08413461538461539 0.08653846153846154
1 0.3161057692307692 0.5384615384615384 0.07211538461538461 0.08173076923076923
1 0.5240384615384616 0.5432692307692307 0.06490384615384616 0.055288461538461536
2 0.5889423076923077 0.5192307692307693 0.021634615384615384 0.08413461538461539
2 0.6141826923076923 0.5240384615384616 0.025240384615384616 0.09134615384615384
2 0.6394230769230769 0.53125 0.019230769230769232 0.10096153846153846
2 0.6899038461538461 0.5396634615384616 0.038461538461538464 0.1935096153846154
2 0.7475961538461539 0.5420673076923077 0.056490384615384616 0.1935096153846154