1 0.12379807692307693 0.49278846153846156 0.24759615384615385 0.6778846153846154
10 0.12740384615384615 0.484375 0.24759615384615385 0.6189903846153846
1 0.3293269230769231 0.5 0.055288461538461536 0.06971153846153846
1 0.49278846153846156 0.6225961538461539 0.33413461538461536 0.4254807692307692
7 0.35096153846153844 0.3016826923076923 0.019230769230769232 0.06971153846153846
3 0.4735576923076923 0.23918269230769232 0.02403846153846154 0.06490384615384616
1 0.7115384615384616 0.5024038461538461 0.15985576923076922 0.109375
1 0.7211538461538461 0.5012019230769231 0.1622596153846154 0.07451923076923077
3 0.6502403846153846 0.37259615384615385 0.019230769230769232 0.04927884615384615
1 0.8569711538461539 0.5913461538461539 0.28125 0.34615384615384615
4 0.9867788461538461 0.23076923076923078 0.021634615384615384 0.10697115384615384