6 0.18269230769230768 0.46153846153846156 0.019230769230769232 0.040865384615384616
1 0.24639423076923078 0.5396634615384616 0.09375 0.11778846153846154
6 0.31009615384615385 0.41947115384615385 0.019230769230769232 0.04326923076923077
6 0.3581730769230769 0.4170673076923077 0.019230769230769232 0.04326923076923077
6 0.3581730769230769 0.4182692307692308 0.015625 0.037259615384615384
1 0.38822115384615385 0.5348557692307693 0.07572115384615384 0.09975961538461539
1 0.4735576923076923 0.5180288461538461 0.04447115384615385 0.052884615384615384
1 0.5180288461538461 0.5096153846153846 0.06850961538461539 0.055288461538461536
1 0.5168269230769231 0.5096153846153846 0.06009615384615385 0.040865384615384616
6 0.5180288461538461 0.4411057692307692 0.019230769230769232 0.046875
6 0.5180288461538461 0.44591346153846156 0.018028846153846152 0.03125