1 0.20072115384615385 0.5144230769230769 0.052884615384615384 0.038461538461538464
1 0.20432692307692307 0.5144230769230769 0.03365384615384615 0.040865384615384616
1 0.25240384615384615 0.5012019230769231 0.07211538461538461 0.08774038461538461
1 0.25600961538461536 0.5072115384615384 0.07572115384615384 0.08653846153846154
1 0.29927884615384615 0.5024038461538461 0.038461538461538464 0.0625
1 0.36778846153846156 0.4987980769230769 0.03365384615384615 0.04447115384615385
4 0.43028846153846156 0.3858173076923077 0.01201923076923077 0.03125
4 0.47115384615384615 0.39302884615384615 0.019230769230769232 0.038461538461538464
4 0.5540865384615384 0.44350961538461536 0.013221153846153846 0.028846153846153848
1 0.6057692307692307 0.5192307692307693 0.07572115384615384 0.09615384615384616
1 0.6129807692307693 0.5144230769230769 0.078125 0.10096153846153846
1 0.7379807692307693 0.5673076923076923 0.16947115384615385 0.1875