2 0.8701923076923077 0.578125 0.109375 0.4254807692307692
1 0.04447115384615385 0.5865384615384616 0.08413461538461539 0.1935096153846154
1 0.08413461538461539 0.5564903846153846 0.07211538461538461 0.13701923076923078
1 0.09375 0.5540865384615384 0.0625 0.17548076923076922
1 0.14903846153846154 0.5661057692307693 0.09615384615384616 0.15985576923076922
1 0.1502403846153846 0.5600961538461539 0.09615384615384616 0.14423076923076922
2 0.18509615384615385 0.5228365384615384 0.03365384615384615 0.12860576923076922
2 0.18870192307692307 0.5180288461538461 0.021634615384615384 0.11899038461538461
1 0.2764423076923077 0.5336538461538461 0.11177884615384616 0.07572115384615384
1 0.2920673076923077 0.53125 0.11538461538461539 0.078125
1 0.3269230769230769 0.5228365384615384 0.07211538461538461 0.07211538461538461
1 0.36177884615384615 0.515625 0.10096153846153846 0.078125
10 0.35216346153846156 0.5240384615384616 0.02403846153846154 0.08052884615384616
10 0.3798076923076923 0.5228365384615384 0.06850961538461539 0.078125
10 0.4567307692307692 0.49399038461538464 0.06009615384615385 0.1346153846153846
10 0.4579326923076923 0.4879807692307692 0.05889423076923077 0.13701923076923078
1 0.5192307692307693 0.5336538461538461 0.046875 0.06009615384615385
1 0.5204326923076923 0.5360576923076923 0.04447115384615385 0.05889423076923077
10 0.5288461538461539 0.46274038461538464 0.056490384615384616 0.09375
10 0.5288461538461539 0.4879807692307692 0.052884615384615384 0.12740384615384615
2 0.6069711538461539 0.5168269230769231 0.028846153846153848 0.16947115384615385
2 0.6069711538461539 0.5180288461538461 0.03365384615384615 0.1622596153846154
2 0.6045673076923077 0.5192307692307693 0.015625 0.12740384615384615
2 0.7788461538461539 0.5721153846153846 0.09735576923076923 0.4026442307692308