1 0.1502403846153846 0.5877403846153846 0.3004807692307692 0.34375
10 0.2776442307692308 0.47115384615384615 0.06850961538461539 0.11778846153846154
1 0.34975961538461536 0.48677884615384615 0.06971153846153846 0.09375
7 0.3557692307692308 0.33774038461538464 0.018028846153846152 0.052884615384615384
1 0.4098557692307692 0.5024038461538461 0.06850961538461539 0.0625
4 0.43990384615384615 0.35096153846153844 0.013221153846153846 0.046875
1 0.45552884615384615 0.4963942307692308 0.04326923076923077 0.0625
1 0.4807692307692308 0.49158653846153844 0.025240384615384616 0.05048076923076923
4 0.49278846153846156 0.35096153846153844 0.015625 0.038461538461538464
1 0.5168269230769231 0.4891826923076923 0.03365384615384615 0.040865384615384616
10 0.5480769230769231 0.47115384615384615 0.027644230769230768 0.04927884615384615
4 0.6021634615384616 0.4182692307692308 0.018028846153846152 0.04447115384615385
4 0.6033653846153846 0.421875 0.013221153846153846 0.037259615384615384
1 0.6550480769230769 0.5228365384615384 0.08173076923076923 0.11177884615384616
4 0.6490384615384616 0.39903846153846156 0.021634615384615384 0.05048076923076923
4 0.6502403846153846 0.3894230769230769 0.018028846153846152 0.052884615384615384
1 0.7403846153846154 0.4855769230769231 0.08653846153846154 0.04927884615384615