1 0.16706730769230768 0.5036057692307693 0.06610576923076923 0.04447115384615385
1 0.16947115384615385 0.5072115384615384 0.056490384615384616 0.038461538461538464
4 0.3233173076923077 0.46153846153846156 0.013221153846153846 0.028846153846153848
1 0.38221153846153844 0.5108173076923077 0.08052884615384616 0.12139423076923077
1 0.43149038461538464 0.5084134615384616 0.027644230769230768 0.07211538461538461
1 0.43509615384615385 0.5072115384615384 0.021634615384615384 0.06490384615384616
1 0.45072115384615385 0.5060096153846154 0.015625 0.05889423076923077
4 0.4579326923076923 0.41586538461538464 0.01201923076923077 0.03485576923076923
5 0.45913461538461536 0.41225961538461536 0.013221153846153846 0.027644230769230768
4 0.5024038461538461 0.40024038461538464 0.01201923076923077 0.03125
4 0.5036057692307693 0.39903846153846156 0.013221153846153846 0.038461538461538464
3 0.6454326923076923 0.4110576923076923 0.019230769230769232 0.05048076923076923
4 0.6490384615384616 0.41225961538461536 0.013221153846153846 0.04326923076923077