2 0.7103365384615384 0.49278846153846156 0.02403846153846154 0.13221153846153846
2 0.6814903846153846 0.4987980769230769 0.03125 0.13221153846153846
2 0.04927884615384615 0.5444711538461539 0.025240384615384616 0.12860576923076922
1 0.12259615384615384 0.5540865384615384 0.08052884615384616 0.10336538461538461
1 0.22716346153846154 0.5492788461538461 0.08052884615384616 0.11899038461538461
1 0.43509615384615385 0.5204326923076923 0.055288461538461536 0.06490384615384616
2 0.5192307692307693 0.5060096153846154 0.019230769230769232 0.08653846153846154
2 0.5420673076923077 0.5072115384615384 0.015625 0.11538461538461539
3 0.5805288461538461 0.31009615384615385 0.028846153846153848 0.09615384615384616
2 0.8846153846153846 0.4807692307692308 0.025240384615384616 0.15264423076923078
2 0.9002403846153846 0.49399038461538464 0.027644230769230768 0.14423076923076922
2 0.9447115384615384 0.4855769230769231 0.03125 0.16346153846153846
2 0.9819711538461539 0.4723557692307692 0.021634615384615384 0.15264423076923078