1 0.15745192307692307 0.6081730769230769 0.12259615384615384 0.12139423076923077
1 0.23557692307692307 0.5913461538461539 0.04326923076923077 0.08173076923076923
1 0.2704326923076923 0.5865384615384616 0.027644230769230768 0.06971153846153846
1 0.2980769230769231 0.578125 0.03485576923076923 0.06490384615384616
1 0.3870192307692308 0.6009615384615384 0.09375 0.11298076923076923
1 0.5504807692307693 0.5865384615384616 0.08052884615384616 0.11778846153846154
3 0.5949519230769231 0.2548076923076923 0.046875 0.14423076923076922
2 0.6322115384615384 0.546875 0.015625 0.055288461538461536
2 0.6706730769230769 0.5420673076923077 0.013221153846153846 0.06009615384615385
2 0.7007211538461539 0.5480769230769231 0.021634615384615384 0.08052884615384616
2 0.7295673076923077 0.5709134615384616 0.015625 0.09375