2 0.08173076923076923 0.5552884615384616 0.038461538461538464 0.13221153846153846
1 0.10576923076923077 0.5528846153846154 0.03365384615384615 0.12139423076923077
2 0.10216346153846154 0.5480769230769231 0.018028846153846152 0.13221153846153846
2 0.1658653846153846 0.5264423076923077 0.025240384615384616 0.08413461538461539
2 0.1658653846153846 0.5252403846153846 0.021634615384615384 0.08052884615384616
2 0.26802884615384615 0.5264423076923077 0.028846153846153848 0.11899038461538461
0 0.28846153846153844 0.5240384615384616 0.019230769230769232 0.056490384615384616
1 0.3485576923076923 0.5180288461538461 0.04326923076923077 0.046875
1 0.41466346153846156 0.5228365384615384 0.10336538461538461 0.05889423076923077
1 0.4170673076923077 0.5180288461538461 0.09375 0.06009615384615385
2 0.45072115384615385 0.5456730769230769 0.03125 0.10576923076923077
2 0.4831730769230769 0.5240384615384616 0.028846153846153848 0.14302884615384615
2 0.5612980769230769 0.6057692307692307 0.14302884615384615 0.41225961538461536
2 0.5685096153846154 0.5721153846153846 0.055288461538461536 0.33653846153846156
2 0.5733173076923077 0.5817307692307693 0.04447115384615385 0.3473557692307692
2 0.6274038461538461 0.5721153846153846 0.09615384615384616 0.421875
2 0.7163461538461539 0.5817307692307693 0.07572115384615384 0.34134615384615385
1 0.8605769230769231 0.5504807692307693 0.27524038461538464 0.2247596153846154