1 0.13221153846153846 0.5084134615384616 0.03125 0.03125
1 0.15745192307692307 0.5216346153846154 0.040865384615384616 0.03125
1 0.16346153846153846 0.5072115384615384 0.04326923076923077 0.028846153846153848
1 0.1814903846153846 0.5384615384615384 0.06009615384615385 0.04447115384615385
1 0.17908653846153846 0.5384615384615384 0.05048076923076923 0.05889423076923077
1 0.23557692307692307 0.5132211538461539 0.056490384615384616 0.09735576923076923
10 0.234375 0.5096153846153846 0.04447115384615385 0.07451923076923077
1 0.3004807692307692 0.5372596153846154 0.0625 0.08052884615384616
1 0.3449519230769231 0.5120192307692307 0.025240384615384616 0.03125
1 0.38221153846153844 0.5120192307692307 0.028846153846153848 0.037259615384615384
6 0.3894230769230769 0.43028846153846156 0.013221153846153846 0.037259615384615384
4 0.42427884615384615 0.42908653846153844 0.019230769230769232 0.028846153846153848
4 0.47596153846153844 0.46875 0.013221153846153846 0.03365384615384615
4 0.49278846153846156 0.46153846153846156 0.013221153846153846 0.03125