10 0.04326923076923077 0.5024038461538461 0.08653846153846154 0.11538461538461539
10 0.040865384615384616 0.5084134615384616 0.08173076923076923 0.109375
2 0.14903846153846154 0.53125 0.021634615384615384 0.052884615384615384
1 0.1935096153846154 0.5168269230769231 0.055288461538461536 0.056490384615384616
6 0.21153846153846154 0.42908653846153844 0.021634615384615384 0.06490384615384616
1 0.2403846153846154 0.5084134615384616 0.05889423076923077 0.038461538461538464
1 0.2439903846153846 0.5288461538461539 0.037259615384615384 0.046875
1 0.33533653846153844 0.5264423076923077 0.046875 0.05048076923076923
1 0.48197115384615385 0.5264423076923077 0.04447115384615385 0.056490384615384616
1 0.4831730769230769 0.5240384615384616 0.046875 0.05048076923076923
3 0.5372596153846154 0.40625 0.018028846153846152 0.046875
1 0.9086538461538461 0.4987980769230769 0.18028846153846154 0.09735576923076923