2 0.8822115384615384 0.5264423076923077 0.037259615384615384 0.1875
1 0.04927884615384615 0.5600961538461539 0.09735576923076923 0.203125
1 0.2704326923076923 0.5360576923076923 0.055288461538461536 0.0625
5 0.31009615384615385 0.34375 0.027644230769230768 0.06009615384615385
7 0.31009615384615385 0.34134615384615385 0.013221153846153846 0.040865384615384616
1 0.36658653846153844 0.5372596153846154 0.04927884615384615 0.06610576923076923
4 0.39903846153846156 0.34375 0.01201923076923077 0.04326923076923077
1 0.4338942307692308 0.53125 0.07572115384615384 0.11177884615384616
4 0.5420673076923077 0.4375 0.01201923076923077 0.03485576923076923
2 0.6069711538461539 0.5240384615384616 0.019230769230769232 0.08774038461538461
2 0.6334134615384616 0.5216346153846154 0.019230769230769232 0.078125
10 0.8521634615384616 0.4651442307692308 0.29086538461538464 0.18028846153846154
1 0.8413461538461539 0.5216346153846154 0.1658653846153846 0.08052884615384616
1 0.84375 0.5192307692307693 0.1622596153846154 0.078125