1 0.11899038461538461 0.5240384615384616 0.056490384615384616 0.04326923076923077
1 0.12259615384615384 0.515625 0.05048076923076923 0.040865384615384616
1 0.21394230769230768 0.5216346153846154 0.04326923076923077 0.06009615384615385
1 0.21394230769230768 0.5180288461538461 0.037259615384615384 0.040865384615384616
1 0.2848557692307692 0.5120192307692307 0.040865384615384616 0.038461538461538464
1 0.3737980769230769 0.5012019230769231 0.03485576923076923 0.04927884615384615
1 0.5432692307692307 0.5012019230769231 0.027644230769230768 0.05048076923076923
1 0.59375 0.5036057692307693 0.038461538461538464 0.10096153846153846
1 0.6177884615384616 0.515625 0.03485576923076923 0.11899038461538461
1 0.6887019230769231 0.5288461538461539 0.1310096153846154 0.1310096153846154
1 0.6887019230769231 0.5288461538461539 0.11177884615384616 0.1310096153846154