1 0.06009615384615385 0.5649038461538461 0.06971153846153846 0.07211538461538461
1 0.10697115384615384 0.5600961538461539 0.03485576923076923 0.05889423076923077
1 0.14302884615384615 0.5528846153846154 0.04927884615384615 0.05889423076923077
1 0.2439903846153846 0.546875 0.04326923076923077 0.046875
1 0.24278846153846154 0.5480769230769231 0.037259615384615384 0.055288461538461536
1 0.39663461538461536 0.5564903846153846 0.09615384615384616 0.12740384615384615
1 0.46153846153846156 0.5348557692307693 0.052884615384615384 0.06490384615384616
1 0.6153846153846154 0.5132211538461539 0.056490384615384616 0.06490384615384616
1 0.7019230769230769 0.5072115384615384 0.09735576923076923 0.06009615384615385
1 0.8100961538461539 0.5084134615384616 0.16947115384615385 0.06610576923076923
1 0.9206730769230769 0.5012019230769231 0.08052884615384616 0.0625