1 0.078125 0.5612980769230769 0.15625 0.42427884615384615
1 0.29927884615384615 0.5012019230769231 0.038461538461538464 0.04447115384615385
1 0.30649038461538464 0.49759615384615385 0.037259615384615384 0.04326923076923077
1 0.3329326923076923 0.49759615384615385 0.03365384615384615 0.03485576923076923
1 0.36177884615384615 0.49759615384615385 0.028846153846153848 0.046875
1 0.40865384615384615 0.49759615384615385 0.05889423076923077 0.078125
1 0.43990384615384615 0.49038461538461536 0.03485576923076923 0.05048076923076923
1 0.5733173076923077 0.5072115384615384 0.056490384615384616 0.06490384615384616
1 0.6442307692307693 0.5108173076923077 0.09975961538461539 0.16826923076923078
1 0.6430288461538461 0.5180288461538461 0.09615384615384616 0.1622596153846154
1 0.75 0.5336538461538461 0.1814903846153846 0.21514423076923078