1 0.09375 0.5925480769230769 0.1875 0.25600961538461536
10 0.08774038461538461 0.46875 0.1502403846153846 0.11538461538461539
10 0.08533653846153846 0.46634615384615385 0.14302884615384615 0.10096153846153846
1 0.18509615384615385 0.5444711538461539 0.04927884615384615 0.06971153846153846
1 0.18629807692307693 0.5384615384615384 0.046875 0.05048076923076923
1 0.33653846153846156 0.5985576923076923 0.23798076923076922 0.296875
7 0.3425480769230769 0.24759615384615385 0.019230769230769232 0.06009615384615385
10 0.4963942307692308 0.4807692307692308 0.08413461538461539 0.12139423076923077
6 0.4651442307692308 0.2800480769230769 0.019230769230769232 0.06009615384615385
6 0.4651442307692308 0.28125 0.019230769230769232 0.0625
6 0.6286057692307693 0.38822115384615385 0.015625 0.055288461538461536
6 0.6298076923076923 0.3894230769230769 0.018028846153846152 0.05889423076923077
2 0.6430288461538461 0.515625 0.02403846153846154 0.09134615384615384
1 0.8341346153846154 0.6177884615384616 0.328125 0.7151442307692307
1 0.8377403846153846 0.59375 0.31850961538461536 0.6502403846153846