1 0.1502403846153846 0.5432692307692307 0.12860576923076922 0.12259615384615384
2 0.22956730769230768 0.5865384615384616 0.04447115384615385 0.27884615384615385
2 0.2764423076923077 0.5865384615384616 0.03485576923076923 0.25240384615384615
2 0.2776442307692308 0.5817307692307693 0.027644230769230768 0.24759615384615385
2 0.3004807692307692 0.5733173076923077 0.05048076923076923 0.2439903846153846
2 0.30528846153846156 0.5805288461538461 0.04326923076923077 0.2403846153846154
1 0.3737980769230769 0.5384615384615384 0.09134615384615384 0.10096153846153846
10 0.6081730769230769 0.49158653846153844 0.21153846153846154 0.14423076923076922
10 0.5949519230769231 0.49278846153846156 0.18389423076923078 0.11538461538461539
1 0.5612980769230769 0.5600961538461539 0.10336538461538461 0.12860576923076922
10 0.8485576923076923 0.43149038461538464 0.2980769230769231 0.8629807692307693
1 0.8497596153846154 0.4266826923076923 0.296875 0.84375