1 0.09134615384615384 0.5721153846153846 0.1814903846153846 0.3161057692307692
6 0.09134615384615384 0.31009615384615385 0.025240384615384616 0.08173076923076923
1 0.4807692307692308 0.49278846153846156 0.028846153846153848 0.05048076923076923
1 0.4807692307692308 0.49158653846153844 0.021634615384615384 0.04447115384615385
1 0.5432692307692307 0.49038461538461536 0.040865384615384616 0.08052884615384616
1 0.5384615384615384 0.4879807692307692 0.018028846153846152 0.056490384615384616
1 0.5709134615384616 0.5024038461538461 0.04447115384615385 0.078125
1 0.5697115384615384 0.49759615384615385 0.037259615384615384 0.046875
1 0.6117788461538461 0.5024038461538461 0.06610576923076923 0.07451923076923077
6 0.6153846153846154 0.2776442307692308 0.02403846153846154 0.08653846153846154
2 0.6189903846153846 0.5144230769230769 0.027644230769230768 0.10096153846153846
2 0.9194711538461539 0.484375 0.03485576923076923 0.15384615384615385
2 0.9254807692307693 0.49278846153846156 0.038461538461538464 0.15384615384615385