1 0.9711538461538461 0.625 0.056490384615384616 0.15625
1 0.12620192307692307 0.5540865384615384 0.07451923076923077 0.08774038461538461
1 0.125 0.5528846153846154 0.06610576923076923 0.08653846153846154
1 0.21514423076923078 0.5516826923076923 0.040865384615384616 0.055288461538461536
1 0.21634615384615385 0.5456730769230769 0.040865384615384616 0.04927884615384615
7 0.2776442307692308 0.3293269230769231 0.018028846153846152 0.055288461538461536
6 0.28125 0.3269230769230769 0.015625 0.04326923076923077
1 0.38341346153846156 0.5408653846153846 0.03485576923076923 0.04447115384615385
4 0.3786057692307692 0.33052884615384615 0.019230769230769232 0.06009615384615385
4 0.3786057692307692 0.34975961538461536 0.018028846153846152 0.037259615384615384
1 0.41947115384615385 0.5348557692307693 0.027644230769230768 0.040865384615384616
4 0.46634615384615385 0.34975961538461536 0.019230769230769232 0.07572115384615384
4 0.4675480769230769 0.35336538461538464 0.019230769230769232 0.040865384615384616
1 0.4795673076923077 0.5420673076923077 0.04326923076923077 0.056490384615384616
1 0.5228365384615384 0.5576923076923077 0.09375 0.10096153846153846
1 0.5949519230769231 0.5408653846153846 0.06009615384615385 0.06850961538461539
1 0.5949519230769231 0.5444711538461539 0.04927884615384615 0.055288461538461536
4 0.6394230769230769 0.45072115384615385 0.021634615384615384 0.03485576923076923
1 0.6418269230769231 0.4387019230769231 0.021634615384615384 0.046875
1 0.7091346153846154 0.5540865384615384 0.10697115384615384 0.10336538461538461