0 0.028846153846153848 0.5552884615384616 0.018028846153846152 0.06610576923076923
7 0.03365384615384615 0.4411057692307692 0.025240384615384616 0.06009615384615385
0 0.05889423076923077 0.546875 0.013221153846153846 0.06610576923076923
10 0.16105769230769232 0.5300480769230769 0.08173076923076923 0.08413461538461539
10 0.2247596153846154 0.5192307692307693 0.056490384615384616 0.056490384615384616
1 0.2283653846153846 0.5384615384615384 0.056490384615384616 0.04927884615384615
10 0.3137019230769231 0.4879807692307692 0.09975961538461539 0.1466346153846154
1 0.3786057692307692 0.5276442307692307 0.03365384615384615 0.03485576923076923
1 0.4050480769230769 0.5180288461538461 0.03485576923076923 0.03485576923076923
7 0.43990384615384615 0.3269230769230769 0.019230769230769232 0.06009615384615385
6 0.5132211538461539 0.3293269230769231 0.02403846153846154 0.06490384615384616
6 0.6538461538461539 0.4170673076923077 0.02403846153846154 0.06610576923076923
1 0.9362980769230769 0.5168269230769231 0.125 0.10697115384615384