6 0.0829326923076923 0.07932692307692307 0.1658653846153846 0.15865384615384615
1 0.0829326923076923 0.5180288461538461 0.055288461538461536 0.04447115384615385
1 0.08774038461538461 0.53125 0.037259615384615384 0.052884615384615384
1 0.09375 0.4987980769230769 0.04326923076923077 0.03125
1 0.171875 0.5024038461538461 0.10336538461538461 0.06490384615384616
1 0.28125 0.5192307692307693 0.09615384615384616 0.08413461538461539
1 0.3641826923076923 0.5108173076923077 0.07211538461538461 0.07572115384615384
1 0.4423076923076923 0.49278846153846156 0.03485576923076923 0.040865384615384616
1 0.43990384615384615 0.4987980769230769 0.028846153846153848 0.03485576923076923
1 0.4735576923076923 0.4963942307692308 0.03365384615384615 0.04326923076923077
1 0.5504807692307693 0.49278846153846156 0.027644230769230768 0.04326923076923077
1 0.5492788461538461 0.49038461538461536 0.019230769230769232 0.04326923076923077
3 0.5685096153846154 0.3605769230769231 0.025240384615384616 0.0625
1 0.5697115384615384 0.49278846153846156 0.028846153846153848 0.04927884615384615
1 0.6069711538461539 0.49759615384615385 0.05048076923076923 0.06610576923076923
1 0.6117788461538461 0.49399038461538464 0.04326923076923077 0.04927884615384615
1 0.6478365384615384 0.49399038461538464 0.06610576923076923 0.08653846153846154
3 0.6526442307692307 0.35697115384615385 0.015625 0.04326923076923077
4 0.7259615384615384 0.4170673076923077 0.018028846153846152 0.05048076923076923
2 0.7584134615384616 0.4807692307692308 0.025240384615384616 0.06610576923076923
6 0.8004807692307693 0.07692307692307693 0.05048076923076923 0.11778846153846154
3 0.7992788461538461 0.07572115384615384 0.027644230769230768 0.09375
1 0.8605769230769231 0.5096153846153846 0.07451923076923077 0.11298076923076923
2 0.9519230769230769 0.47115384615384615 0.025240384615384616 0.09735576923076923
2 0.9519230769230769 0.4855769230769231 0.02403846153846154 0.078125