1 0.07572115384615384 0.6069711538461539 0.14423076923076922 0.3161057692307692
3 0.11298076923076923 0.21754807692307693 0.03125 0.08774038461538461
1 0.19110576923076922 0.5288461538461539 0.125 0.10336538461538461
1 0.19471153846153846 0.5240384615384616 0.10697115384615384 0.10336538461538461
1 0.2860576923076923 0.5024038461538461 0.055288461538461536 0.046875
1 0.2920673076923077 0.5036057692307693 0.04927884615384615 0.06850961538461539
3 0.2932692307692308 0.21394230769230768 0.03485576923076923 0.10096153846153846
4 0.29447115384615385 0.2127403846153846 0.025240384615384616 0.08413461538461539
1 0.35096153846153844 0.5036057692307693 0.03365384615384615 0.03485576923076923
1 0.45072115384615385 0.5745192307692307 0.1971153846153846 0.27163461538461536
3 0.44591346153846156 0.22716346153846154 0.025240384615384616 0.08774038461538461
4 0.6838942307692307 0.36177884615384615 0.04447115384615385 0.09735576923076923
4 0.6850961538461539 0.36538461538461536 0.021634615384615384 0.06009615384615385