3 0.07091346153846154 0.08533653846153846 0.109375 0.15625
1 0.0829326923076923 0.5180288461538461 0.055288461538461536 0.04447115384615385
1 0.17668269230769232 0.4963942307692308 0.09014423076923077 0.06850961538461539
1 0.2860576923076923 0.5072115384615384 0.09615384615384616 0.08173076923076923
1 0.390625 0.4963942307692308 0.037259615384615384 0.052884615384615384
1 0.39783653846153844 0.4963942307692308 0.03485576923076923 0.052884615384615384
1 0.43990384615384615 0.49399038461538464 0.03485576923076923 0.04447115384615385
1 0.4423076923076923 0.4951923076923077 0.03365384615384615 0.06490384615384616
3 0.5697115384615384 0.028846153846153848 0.027644230769230768 0.056490384615384616
3 0.5649038461538461 0.3605769230769231 0.013221153846153846 0.052884615384615384
6 0.6526442307692307 0.3557692307692308 0.015625 0.040865384615384616
6 0.7259615384615384 0.4098557692307692 0.015625 0.04326923076923077
6 0.8016826923076923 0.0733173076923077 0.025240384615384616 0.09014423076923077
2 0.8629807692307693 0.47596153846153844 0.025240384615384616 0.06971153846153846
2 0.8701923076923077 0.48197115384615385 0.02403846153846154 0.055288461538461536
0 0.9639423076923077 0.49278846153846156 0.03365384615384615 0.10096153846153846
2 0.9915865384615384 0.48197115384615385 0.01201923076923077 0.08413461538461539