1 0.057692307692307696 0.5372596153846154 0.018028846153846152 0.02403846153846154
1 0.07572115384615384 0.5456730769230769 0.01201923076923077 0.03125
1 0.1045673076923077 0.5576923076923077 0.06490384615384616 0.07211538461538461
1 0.22115384615384615 0.5432692307692307 0.040865384615384616 0.05048076923076923
1 0.2247596153846154 0.5084134615384616 0.018028846153846152 0.02403846153846154
1 0.25721153846153844 0.5252403846153846 0.019230769230769232 0.027644230769230768
3 0.25841346153846156 0.40384615384615385 0.018028846153846152 0.04447115384615385
7 0.25961538461538464 0.4026442307692308 0.013221153846153846 0.038461538461538464
1 0.31490384615384615 0.5360576923076923 0.019230769230769232 0.05889423076923077
1 0.31490384615384615 0.5396634615384616 0.015625 0.055288461538461536
10 0.34134615384615385 0.5216346153846154 0.052884615384615384 0.10697115384615384
4 0.33774038461538464 0.3942307692307692 0.013221153846153846 0.04326923076923077
4 0.39903846153846156 0.39302884615384615 0.013221153846153846 0.040865384615384616
4 0.6177884615384616 0.4074519230769231 0.018028846153846152 0.05889423076923077
1 0.7019230769230769 0.5336538461538461 0.09014423076923077 0.06490384615384616
1 0.7055288461538461 0.5324519230769231 0.08774038461538461 0.052884615384615384