1 0.1045673076923077 0.4807692307692308 0.2091346153846154 0.29086538461538464
10 0.10216346153846154 0.4891826923076923 0.20432692307692307 0.2668269230769231
1 0.055288461538461536 0.5024038461538461 0.06009615384615385 0.10336538461538461
7 0.1201923076923077 0.27884615384615385 0.03125 0.09134615384615384
7 0.11899038461538461 0.2644230769230769 0.02403846153846154 0.0625
3 0.20552884615384615 0.27163461538461536 0.019230769230769232 0.06610576923076923
7 0.21153846153846154 0.27403846153846156 0.025240384615384616 0.08413461538461539
1 0.34615384615384615 0.5168269230769231 0.11899038461538461 0.16947115384615385
4 0.3425480769230769 0.2692307692307692 0.03365384615384615 0.08413461538461539
4 0.3425480769230769 0.2764423076923077 0.019230769230769232 0.056490384615384616
4 0.4362980769230769 0.28966346153846156 0.03365384615384615 0.07572115384615384
4 0.4375 0.27884615384615385 0.025240384615384616 0.07572115384615384
1 0.49759615384615385 0.5384615384615384 0.08173076923076923 0.10697115384615384
4 0.6394230769230769 0.39302884615384615 0.028846153846153848 0.078125
4 0.6358173076923077 0.4014423076923077 0.018028846153846152 0.0625