1 0.06850961538461539 0.5612980769230769 0.1346153846153846 0.15865384615384615
1 0.1778846153846154 0.5552884615384616 0.10576923076923077 0.11899038461538461
1 0.17427884615384615 0.546875 0.09615384615384616 0.09375
1 0.26802884615384615 0.53125 0.08653846153846154 0.09975961538461539
1 0.2644230769230769 0.5192307692307693 0.06971153846153846 0.09014423076923077
1 0.3137019230769231 0.5252403846153846 0.037259615384615384 0.07451923076923077
1 0.31971153846153844 0.5240384615384616 0.03365384615384615 0.07572115384615384
1 0.3473557692307692 0.5096153846153846 0.05048076923076923 0.06009615384615385
1 0.35336538461538464 0.5144230769230769 0.040865384615384616 0.06610576923076923
1 0.4891826923076923 0.5096153846153846 0.04927884615384615 0.09014423076923077
1 0.5480769230769231 0.5180288461538461 0.021634615384615384 0.05889423076923077
1 0.5805288461538461 0.5168269230769231 0.07211538461538461 0.08052884615384616