1 0.08052884615384616 0.5661057692307693 0.09975961538461539 0.09615384615384616
1 0.18990384615384615 0.5480769230769231 0.056490384615384616 0.06009615384615385
1 0.23076923076923078 0.5420673076923077 0.037259615384615384 0.05048076923076923
1 0.27283653846153844 0.5336538461538461 0.0625 0.06610576923076923
1 0.27884615384615385 0.5408653846153846 0.05048076923076923 0.05889423076923077
1 0.3112980769230769 0.5372596153846154 0.028846153846153848 0.04447115384615385
1 0.31850961538461536 0.5348557692307693 0.037259615384615384 0.046875
6 0.3798076923076923 0.4387019230769231 0.009615384615384616 0.03125
6 0.4182692307692308 0.44591346153846156 0.01201923076923077 0.03485576923076923
1 0.42908653846153844 0.5324519230769231 0.03125 0.04447115384615385
6 0.4879807692307692 0.46634615384615385 0.019230769230769232 0.037259615384615384
1 0.8497596153846154 0.5060096153846154 0.09134615384615384 0.052884615384615384
1 0.9122596153846154 0.5024038461538461 0.038461538461538464 0.05048076923076923