0 0.5961538461538461 0.5108173076923077 0.009615384615384616 0.027644230769230768
2 0.5637019230769231 0.5132211538461539 0.01201923076923077 0.03365384615384615
0 0.4651442307692308 0.5180288461538461 0.006009615384615385 0.03365384615384615
2 0.9278846153846154 0.5396634615384616 0.04927884615384615 0.27403846153846156
2 0.12379807692307693 0.546875 0.013221153846153846 0.08413461538461539
2 0.12740384615384615 0.5492788461538461 0.013221153846153846 0.08653846153846154
2 0.15865384615384615 0.5456730769230769 0.015625 0.09735576923076923
2 0.15865384615384615 0.5456730769230769 0.015625 0.09134615384615384
2 0.2403846153846154 0.5300480769230769 0.019230769230769232 0.07451923076923077
2 0.24158653846153846 0.53125 0.013221153846153846 0.0625
0 0.3137019230769231 0.5288461538461539 0.021634615384615384 0.0625
0 0.3161057692307692 0.53125 0.018028846153846152 0.0625
0 0.3870192307692308 0.5372596153846154 0.03485576923076923 0.11899038461538461
1 0.5252403846153846 0.5228365384615384 0.05048076923076923 0.05889423076923077
1 0.9711538461538461 0.4951923076923077 0.055288461538461536 0.038461538461538464