3 0.07091346153846154 0.08533653846153846 0.109375 0.15625
1 0.18870192307692307 0.5240384615384616 0.15264423076923078 0.11778846153846154
1 0.18629807692307693 0.5228365384615384 0.14903846153846154 0.10697115384615384
1 0.31490384615384615 0.49278846153846156 0.056490384615384616 0.08173076923076923
1 0.3545673076923077 0.5084134615384616 0.09134615384615384 0.09975961538461539
1 0.43990384615384615 0.49759615384615385 0.055288461538461536 0.052884615384615384
1 0.47596153846153844 0.4951923076923077 0.025240384615384616 0.05048076923076923
3 0.5697115384615384 0.028846153846153848 0.025240384615384616 0.056490384615384616
3 0.5661057692307693 0.3605769230769231 0.013221153846153846 0.05048076923076923
3 0.6526442307692307 0.3557692307692308 0.015625 0.038461538461538464
4 0.7259615384615384 0.4110576923076923 0.015625 0.04447115384615385
3 0.8004807692307693 0.0733173076923077 0.025240384615384616 0.09014423076923077
2 0.7980769230769231 0.48197115384615385 0.013221153846153846 0.05048076923076923
0 0.8485576923076923 0.49158653846153844 0.02403846153846154 0.09735576923076923
2 0.9038461538461539 0.48197115384615385 0.021634615384615384 0.052884615384615384
2 0.9086538461538461 0.4855769230769231 0.019230769230769232 0.09014423076923077
2 0.9122596153846154 0.49759615384615385 0.01201923076923077 0.08413461538461539
2 0.9194711538461539 0.49158653846153844 0.02403846153846154 0.06971153846153846