1 0.13942307692307693 0.578125 0.27884615384615385 0.18990384615384615
1 0.2764423076923077 0.5384615384615384 0.03365384615384615 0.09615384615384616
1 0.2824519230769231 0.5288461538461539 0.03125 0.06490384615384616
1 0.30528846153846156 0.5180288461538461 0.028846153846153848 0.06490384615384616
1 0.35697115384615385 0.5144230769230769 0.03365384615384615 0.046875
2 0.4795673076923077 0.6117788461538461 0.23798076923076922 0.7127403846153846
1 0.6862980769230769 0.5384615384615384 0.34615384615384615 0.21634615384615385
2 0.5600961538461539 0.49278846153846156 0.013221153846153846 0.08173076923076923
3 0.5817307692307693 0.3137019230769231 0.025240384615384616 0.09615384615384616
2 0.5865384615384616 0.49759615384615385 0.01201923076923077 0.08052884615384616
2 0.9855769230769231 0.4723557692307692 0.025240384615384616 0.14423076923076922