1 0.14543269230769232 0.5793269230769231 0.28846153846153844 0.18990384615384615
1 0.2824519230769231 0.5288461538461539 0.021634615384615384 0.04927884615384615
1 0.4014423076923077 0.5132211538461539 0.018028846153846152 0.04326923076923077
1 0.43509615384615385 0.5204326923076923 0.055288461538461536 0.06490384615384616
2 0.4831730769230769 0.5216346153846154 0.025240384615384616 0.11298076923076923
2 0.48197115384615385 0.5228365384615384 0.019230769230769232 0.11538461538461539
2 0.5096153846153846 0.5144230769230769 0.018028846153846152 0.12740384615384615
2 0.5757211538461539 0.4987980769230769 0.02403846153846154 0.09615384615384616
3 0.5805288461538461 0.3088942307692308 0.028846153846153848 0.09375
2 0.5745192307692307 0.5084134615384616 0.013221153846153846 0.10576923076923077
2 0.5961538461538461 0.4963942307692308 0.021634615384615384 0.09615384615384616
2 0.5961538461538461 0.4987980769230769 0.018028846153846152 0.10576923076923077
2 0.6129807692307693 0.49759615384615385 0.021634615384615384 0.11177884615384616
2 0.8317307692307693 0.49759615384615385 0.02403846153846154 0.14423076923076922
2 0.8341346153846154 0.49038461538461536 0.018028846153846152 0.1502403846153846
2 0.8329326923076923 0.49038461538461536 0.018028846153846152 0.1466346153846154
2 0.8485576923076923 0.49759615384615385 0.028846153846153848 0.14903846153846154
2 0.8521634615384616 0.4807692307692308 0.025240384615384616 0.13701923076923078
2 0.8798076923076923 0.49038461538461536 0.03125 0.16346153846153846
2 0.9158653846153846 0.47716346153846156 0.019230769230769232 0.1346153846153846
2 0.9158653846153846 0.4807692307692308 0.018028846153846152 0.15384615384615385
2 0.9338942307692307 0.4855769230769231 0.025240384615384616 0.15384615384615385
2 0.9387019230769231 0.49038461538461536 0.03125 0.18389423076923078
2 0.9423076923076923 0.48197115384615385 0.025240384615384616 0.14423076923076922
2 0.9459134615384616 0.4831730769230769 0.025240384615384616 0.1466346153846154