1 0.07211538461538461 0.5637019230769231 0.14423076923076922 0.1466346153846154
1 0.1875 0.5685096153846154 0.20072115384615385 0.14302884615384615
1 0.3293269230769231 0.5192307692307693 0.12860576923076922 0.13822115384615385
1 0.4254807692307692 0.515625 0.08052884615384616 0.08774038461538461
1 0.5096153846153846 0.5012019230769231 0.09975961538461539 0.09975961538461539
1 0.5600961538461539 0.4987980769230769 0.052884615384615384 0.06850961538461539
1 0.6538461538461539 0.47596153846153844 0.06971153846153846 0.08173076923076923
10 0.6538461538461539 0.47596153846153844 0.06850961538461539 0.08653846153846154
2 0.7355769230769231 0.4855769230769231 0.025240384615384616 0.06009615384615385
2 0.8329326923076923 0.47115384615384615 0.018028846153846152 0.07211538461538461
2 0.8353365384615384 0.46875 0.007211538461538462 0.06610576923076923
2 0.8641826923076923 0.46875 0.025240384615384616 0.06610576923076923