1 0.14783653846153846 0.6225961538461539 0.18990384615384615 0.18509615384615385
1 0.15144230769230768 0.6177884615384616 0.171875 0.15985576923076922
1 0.24759615384615385 0.5841346153846154 0.05048076923076923 0.06610576923076923
1 0.25240384615384615 0.5853365384615384 0.05048076923076923 0.08413461538461539
1 0.28966346153846156 0.5817307692307693 0.040865384615384616 0.05048076923076923
1 0.33052884615384615 0.5805288461538461 0.0625 0.078125
1 0.3798076923076923 0.5709134615384616 0.03485576923076923 0.04326923076923077
1 0.42427884615384615 0.5637019230769231 0.03485576923076923 0.040865384615384616
1 0.5048076923076923 0.5757211538461539 0.06490384615384616 0.07451923076923077
1 0.8882211538461539 0.5612980769230769 0.21875 0.2439903846153846
10 0.8930288461538461 0.5492788461538461 0.20673076923076922 0.21153846153846154