1 0.16947115384615385 0.5528846153846154 0.23076923076923078 0.21514423076923078
7 0.109375 0.20192307692307693 0.027644230769230768 0.07451923076923077
4 0.2608173076923077 0.19471153846153846 0.025240384615384616 0.08653846153846154
1 0.3076923076923077 0.5 0.03365384615384615 0.03365384615384615
4 0.38221153846153844 0.19591346153846154 0.028846153846153848 0.078125
1 0.41466346153846156 0.49759615384615385 0.08052884615384616 0.10697115384615384
1 0.4567307692307692 0.5084134615384616 0.03125 0.07211538461538461
1 0.5228365384615384 0.5012019230769231 0.04927884615384615 0.06850961538461539
0 0.6610576923076923 0.5096153846153846 0.037259615384615384 0.13221153846153846
4 0.6959134615384616 0.34975961538461536 0.027644230769230768 0.0625
1 0.7223557692307693 0.49158653846153844 0.027644230769230768 0.08052884615384616
1 0.7716346153846154 0.49038461538461536 0.09014423076923077 0.0625