1 0.24879807692307693 0.49038461538461536 0.037259615384615384 0.038461538461538464
1 0.25 0.49399038461538464 0.03365384615384615 0.040865384615384616
1 0.2860576923076923 0.4855769230769231 0.05048076923076923 0.06971153846153846
1 0.29447115384615385 0.484375 0.04927884615384615 0.05048076923076923
1 0.3245192307692308 0.47836538461538464 0.028846153846153848 0.06009615384615385
4 0.43509615384615385 0.3786057692307692 0.01201923076923077 0.03125
4 0.4735576923076923 0.3954326923076923 0.019230769230769232 0.038461538461538464
4 0.5504807692307693 0.4387019230769231 0.013221153846153846 0.028846153846153848
1 0.5805288461538461 0.49278846153846156 0.06971153846153846 0.08052884615384616
1 0.5805288461538461 0.49759615384615385 0.06490384615384616 0.07572115384615384
1 0.6586538461538461 0.5180288461538461 0.10336538461538461 0.125