1 0.030048076923076924 0.5877403846153846 0.06009615384615385 0.14182692307692307
1 0.1658653846153846 0.5540865384615384 0.056490384615384616 0.06009615384615385
1 0.21634615384615385 0.5721153846153846 0.1466346153846154 0.11538461538461539
1 0.328125 0.5552884615384616 0.09134615384615384 0.0625
1 0.3245192307692308 0.5480769230769231 0.08052884615384616 0.07211538461538461
1 0.3798076923076923 0.5492788461538461 0.06490384615384616 0.05889423076923077
1 0.3858173076923077 0.5540865384615384 0.04326923076923077 0.04326923076923077
1 0.41346153846153844 0.5444711538461539 0.015625 0.04326923076923077
1 0.5985576923076923 0.5264423076923077 0.056490384615384616 0.06610576923076923
1 0.6382211538461539 0.5540865384615384 0.08413461538461539 0.11177884615384616
1 0.7391826923076923 0.5697115384615384 0.15264423076923078 0.16947115384615385
1 0.8305288461538461 0.5540865384615384 0.09375 0.11538461538461539