1 0.08653846153846154 0.5408653846153846 0.03365384615384615 0.03125
1 0.11177884615384616 0.5240384615384616 0.02403846153846154 0.027644230769230768
1 0.22716346153846154 0.5348557692307693 0.05889423076923077 0.06971153846153846
1 0.2644230769230769 0.4855769230769231 0.018028846153846152 0.02403846153846154
3 0.27283653846153844 0.35096153846153844 0.027644230769230768 0.06610576923076923
7 0.27524038461538464 0.35096153846153844 0.018028846153846152 0.052884615384615384
1 0.2860576923076923 0.5084134615384616 0.019230769230769232 0.027644230769230768
1 0.3401442307692308 0.53125 0.018028846153846152 0.056490384615384616
1 0.3389423076923077 0.5276442307692307 0.013221153846153846 0.052884615384615384
10 0.36778846153846156 0.5072115384615384 0.052884615384615384 0.109375
4 0.3786057692307692 0.3317307692307692 0.018028846153846152 0.05048076923076923
4 0.46033653846153844 0.3317307692307692 0.015625 0.052884615384615384
1 0.8930288461538461 0.5216346153846154 0.12139423076923077 0.08413461538461539