7 0.0985576923076923 0.45072115384615385 0.02403846153846154 0.055288461538461536
7 0.09735576923076923 0.44350961538461536 0.019230769230769232 0.05048076923076923
1 0.15985576923076922 0.5600961538461539 0.052884615384615384 0.06850961538461539
1 0.2800480769230769 0.5973557692307693 0.25600961538461536 0.33774038461538464
7 0.35096153846153844 0.43509615384615385 0.018028846153846152 0.052884615384615384
1 0.42908653846153844 0.5697115384615384 0.08774038461538461 0.15985576923076922
4 0.4831730769230769 0.3713942307692308 0.018028846153846152 0.055288461538461536
1 0.5180288461538461 0.5540865384615384 0.040865384615384616 0.05048076923076923
3 0.5360576923076923 0.44471153846153844 0.018028846153846152 0.05048076923076923
3 0.7379807692307693 0.31490384615384615 0.03485576923076923 0.11177884615384616
2 0.7596153846153846 0.5408653846153846 0.021634615384615384 0.07211538461538461
2 0.7836538461538461 0.5444711538461539 0.021634615384615384 0.08653846153846154
1 0.9290865384615384 0.5697115384615384 0.08052884615384616 0.09615384615384616