10 0.0625 0.5132211538461539 0.125 0.08173076923076923
2 0.09615384615384616 0.5384615384615384 0.027644230769230768 0.078125
2 0.09615384615384616 0.5372596153846154 0.021634615384615384 0.08413461538461539
2 0.1778846153846154 0.5240384615384616 0.021634615384615384 0.08052884615384616
6 0.35216346153846156 0.1778846153846154 0.03485576923076923 0.08653846153846154
1 0.6009615384615384 0.5144230769230769 0.109375 0.07451923076923077
6 0.6033653846153846 0.3425480769230769 0.028846153846153848 0.08774038461538461
6 0.6045673076923077 0.33653846153846156 0.018028846153846152 0.06490384615384616
2 0.6514423076923077 0.5144230769230769 0.028846153846153848 0.11778846153846154
2 0.6935096153846154 0.5180288461538461 0.018028846153846152 0.11778846153846154
2 0.7271634615384616 0.5180288461538461 0.027644230769230768 0.1310096153846154
2 0.8269230769230769 0.5384615384615384 0.04927884615384615 0.1778846153846154
2 0.8257211538461539 0.5252403846153846 0.03485576923076923 0.1778846153846154
2 0.9387019230769231 0.5192307692307693 0.0625 0.2127403846153846