1 0.06370192307692307 0.5697115384615384 0.125 0.15384615384615385
7 0.25240384615384615 0.35336538461538464 0.013221153846153846 0.038461538461538464
7 0.2512019230769231 0.35216346153846156 0.01201923076923077 0.03125
1 0.26322115384615385 0.5384615384615384 0.027644230769230768 0.028846153846153848
1 0.26322115384615385 0.5372596153846154 0.027644230769230768 0.038461538461538464
1 0.3161057692307692 0.5240384615384616 0.021634615384615384 0.021634615384615384
1 0.33052884615384615 0.5192307692307693 0.018028846153846152 0.019230769230769232
4 0.34615384615384615 0.34375 0.013221153846153846 0.040865384615384616
4 0.34615384615384615 0.34975961538461536 0.01201923076923077 0.038461538461538464
1 0.3701923076923077 0.5180288461538461 0.03485576923076923 0.05048076923076923
1 0.3954326923076923 0.5132211538461539 0.025240384615384616 0.03365384615384615
1 0.41947115384615385 0.5336538461538461 0.052884615384615384 0.06850961538461539
4 0.5048076923076923 0.43028846153846156 0.01201923076923077 0.03365384615384615
4 0.5072115384615384 0.43509615384615385 0.01201923076923077 0.03125
1 0.6670673076923077 0.5024038461538461 0.11538461538461539 0.09375
1 0.6790865384615384 0.5024038461538461 0.13701923076923078 0.09014423076923077
1 0.7524038461538461 0.5024038461538461 0.12860576923076922 0.08653846153846154
1 0.7620192307692307 0.5072115384615384 0.12259615384615384 0.08413461538461539
1 0.8509615384615384 0.45552884615384615 0.028846153846153848 0.03125