1 0.12139423076923077 0.5444711538461539 0.07211538461538461 0.07451923076923077
2 0.5528846153846154 0.5144230769230769 0.018028846153846152 0.06009615384615385
1 0.17908653846153846 0.5396634615384616 0.046875 0.06610576923076923
1 0.17908653846153846 0.5396634615384616 0.046875 0.05048076923076923
1 0.33052884615384615 0.6526442307692307 0.3317307692307692 0.421875
1 0.19230769230769232 0.5480769230769231 0.040865384615384616 0.08653846153846154
7 0.2800480769230769 0.2776442307692308 0.021634615384615384 0.06610576923076923
6 0.3894230769230769 0.2860576923076923 0.021634615384615384 0.07211538461538461
0 0.5096153846153846 0.5300480769230769 0.03365384615384615 0.07451923076923077
2 0.5168269230769231 0.53125 0.018028846153846152 0.07572115384615384
2 0.5336538461538461 0.53125 0.019230769230769232 0.07572115384615384
6 0.5637019230769231 0.4110576923076923 0.025240384615384616 0.06610576923076923
2 0.5913461538461539 0.5288461538461539 0.018028846153846152 0.078125
2 0.6129807692307693 0.53125 0.019230769230769232 0.08774038461538461
2 0.6382211538461539 0.5288461538461539 0.018028846153846152 0.08413461538461539
1 0.7211538461538461 0.53125 0.15384615384615385 0.08774038461538461
0 0.6634615384615384 0.5084134615384616 0.025240384615384616 0.052884615384615384
2 0.7524038461538461 0.5504807692307693 0.08173076923076923 0.21875
2 0.7512019230769231 0.5480769230769231 0.07572115384615384 0.21875