1 0.03365384615384615 0.5673076923076923 0.052884615384615384 0.055288461538461536
1 0.042067307692307696 0.5757211538461539 0.052884615384615384 0.06490384615384616
1 0.3870192307692308 0.5588942307692307 0.08173076923076923 0.11778846153846154
1 0.5240384615384616 0.5432692307692307 0.06850961538461539 0.09615384615384616
1 0.5180288461538461 0.5480769230769231 0.056490384615384616 0.09014423076923077
1 0.5709134615384616 0.5661057692307693 0.0625 0.12740384615384615
1 0.5612980769230769 0.5817307692307693 0.040865384615384616 0.12259615384615384
1 0.6658653846153846 0.5637019230769231 0.17548076923076922 0.234375
1 0.6310096153846154 0.5600961538461539 0.10336538461538461 0.20552884615384615
1 0.7620192307692307 0.5877403846153846 0.2091346153846154 0.22596153846153846
1 0.7463942307692307 0.5997596153846154 0.15625 0.2247596153846154
2 0.8725961538461539 0.46153846153846156 0.021634615384615384 0.055288461538461536