1 0.8798076923076923 0.6009615384615384 0.23677884615384615 0.24639423076923078
1 0.11298076923076923 0.5360576923076923 0.06850961538461539 0.08774038461538461
1 0.11778846153846154 0.5408653846153846 0.06850961538461539 0.08774038461538461
1 0.17307692307692307 0.4951923076923077 0.1310096153846154 0.13701923076923078
10 0.17427884615384615 0.4951923076923077 0.09735576923076923 0.12259615384615384
1 0.29086538461538464 0.5192307692307693 0.04447115384615385 0.055288461538461536
1 0.3473557692307692 0.5084134615384616 0.028846153846153848 0.038461538461538464
1 0.5132211538461539 0.5120192307692307 0.056490384615384616 0.06490384615384616
1 0.5552884615384616 0.5240384615384616 0.056490384615384616 0.10336538461538461
1 0.5637019230769231 0.5204326923076923 0.06610576923076923 0.08774038461538461
1 0.6538461538461539 0.53125 0.16826923076923078 0.12259615384615384