1 0.11298076923076923 0.5048076923076923 0.04447115384615385 0.037259615384615384
1 0.12620192307692307 0.49759615384615385 0.037259615384615384 0.046875
1 0.15745192307692307 0.5 0.052884615384615384 0.05048076923076923
1 0.15985576923076922 0.4987980769230769 0.038461538461538464 0.040865384615384616
1 0.29447115384615385 0.53125 0.15264423076923078 0.18389423076923078
4 0.3954326923076923 0.375 0.015625 0.028846153846153848
4 0.39663461538461536 0.37259615384615385 0.015625 0.040865384615384616
4 0.4375 0.3870192307692308 0.013221153846153846 0.027644230769230768
4 0.4411057692307692 0.38341346153846156 0.013221153846153846 0.03125
4 0.53125 0.44711538461538464 0.009615384615384616 0.028846153846153848
4 0.5444711538461539 0.4206730769230769 0.019230769230769232 0.04447115384615385
4 0.5420673076923077 0.42908653846153844 0.01201923076923077 0.02403846153846154
1 0.6742788461538461 0.5372596153846154 0.14423076923076922 0.1466346153846154