1 0.057692307692307696 0.5348557692307693 0.11538461538461539 0.16947115384615385
1 0.3112980769230769 0.4951923076923077 0.06971153846153846 0.09375
1 0.36538461538461536 0.4951923076923077 0.03365384615384615 0.04326923076923077
6 0.4495192307692308 0.41947115384615385 0.015625 0.037259615384615384
1 0.49278846153846156 0.5060096153846154 0.09134615384615384 0.12139423076923077
4 0.4891826923076923 0.40024038461538464 0.013221153846153846 0.05048076923076923
1 0.5372596153846154 0.48677884615384615 0.028846153846153848 0.052884615384615384
1 0.5817307692307693 0.49278846153846156 0.04326923076923077 0.11899038461538461
1 0.6262019230769231 0.5144230769230769 0.046875 0.1502403846153846
1 0.6682692307692307 0.53125 0.052884615384615384 0.17548076923076922
1 0.8185096153846154 0.5829326923076923 0.31850961538461536 0.3004807692307692