2 0.9098557692307693 0.53125 0.03365384615384615 0.15985576923076922
1 0.11177884615384616 0.5348557692307693 0.21634615384615385 0.16947115384615385
1 0.2548076923076923 0.5024038461538461 0.09735576923076923 0.11177884615384616
1 0.26322115384615385 0.5060096153846154 0.11177884615384616 0.11899038461538461
1 0.35336538461538464 0.49278846153846156 0.05048076923076923 0.08052884615384616
1 0.35697115384615385 0.4951923076923077 0.052884615384615384 0.06490384615384616
1 0.38221153846153844 0.49278846153846156 0.025240384615384616 0.07451923076923077
1 0.46634615384615385 0.4879807692307692 0.03365384615384615 0.055288461538461536
1 0.4963942307692308 0.49158653846153844 0.03125 0.04447115384615385
1 0.5865384615384616 0.49278846153846156 0.05048076923076923 0.06610576923076923
1 0.5793269230769231 0.4879807692307692 0.027644230769230768 0.06971153846153846
1 0.6021634615384616 0.5012019230769231 0.028846153846153848 0.078125
1 0.6526442307692307 0.5168269230769231 0.08774038461538461 0.11298076923076923
1 0.796875 0.5288461538461539 0.20072115384615385 0.24278846153846154