1 0.9254807692307693 0.4735576923076923 0.1466346153846154 0.16947115384615385
1 0.8233173076923077 0.49158653846153844 0.1778846153846154 0.14302884615384615
1 0.040865384615384616 0.5540865384615384 0.08173076923076923 0.21394230769230768
1 0.16346153846153846 0.5192307692307693 0.04326923076923077 0.07451923076923077
1 0.20432692307692307 0.5108173076923077 0.037259615384615384 0.06850961538461539
1 0.234375 0.5132211538461539 0.05889423076923077 0.07451923076923077
1 0.3076923076923077 0.5024038461538461 0.1310096153846154 0.09615384615384616
1 0.45552884615384615 0.5048076923076923 0.10336538461538461 0.09014423076923077
1 0.4951923076923077 0.4963942307692308 0.078125 0.078125
1 0.5853365384615384 0.4855769230769231 0.17427884615384615 0.11778846153846154
1 0.6141826923076923 0.4879807692307692 0.06490384615384616 0.08413461538461539
1 0.6310096153846154 0.4879807692307692 0.09615384615384616 0.12259615384615384
1 0.6971153846153846 0.48677884615384615 0.14903846153846154 0.09735576923076923
1 0.7067307692307693 0.49158653846153844 0.1622596153846154 0.12259615384615384