1 0.054086538461538464 0.6081730769230769 0.10576923076923077 0.20552884615384615
1 0.13822115384615385 0.5841346153846154 0.1310096153846154 0.15384615384615385
1 0.13701923076923078 0.5805288461538461 0.12139423076923077 0.14903846153846154
1 0.2620192307692308 0.5372596153846154 0.09014423076923077 0.11177884615384616
1 0.265625 0.5324519230769231 0.09615384615384616 0.13822115384615385
1 0.33774038461538464 0.5336538461538461 0.028846153846153848 0.038461538461538464
1 0.4567307692307692 0.5264423076923077 0.03365384615384615 0.038461538461538464
1 0.5192307692307693 0.5456730769230769 0.08413461538461539 0.11538461538461539
1 0.4963942307692308 0.546875 0.03365384615384615 0.08413461538461539
1 0.5180288461538461 0.5492788461538461 0.06490384615384616 0.09735576923076923
1 0.5913461538461539 0.578125 0.14903846153846154 0.16947115384615385
1 0.7259615384615384 0.5132211538461539 0.07211538461538461 0.055288461538461536