5 0.02403846153846154 0.3605769230769231 0.028846153846153848 0.08774038461538461
1 0.265625 0.5144230769230769 0.09615384615384616 0.10697115384615384
1 0.3858173076923077 0.5012019230769231 0.08173076923076923 0.10096153846153846
1 0.42788461538461536 0.4963942307692308 0.027644230769230768 0.0625
1 0.43028846153846156 0.49399038461538464 0.028846153846153848 0.07211538461538461
1 0.4951923076923077 0.4855769230769231 0.08413461538461539 0.09735576923076923
1 0.49278846153846156 0.49278846153846156 0.07572115384615384 0.10576923076923077
3 0.5625 0.1875 0.028846153846153848 0.109375
1 0.5721153846153846 0.4855769230769231 0.04927884615384615 0.06971153846153846
1 0.6165865384615384 0.47596153846153844 0.04326923076923077 0.055288461538461536
1 0.8401442307692307 0.5324519230769231 0.30649038461538464 0.328125