1 0.14783653846153846 0.5637019230769231 0.109375 0.09735576923076923
1 0.9206730769230769 0.5456730769230769 0.15625 0.15865384615384615
1 0.20072115384615385 0.5384615384615384 0.037259615384615384 0.04927884615384615
1 0.22596153846153846 0.5444711538461539 0.028846153846153848 0.046875
1 0.28125 0.5348557692307693 0.037259615384615384 0.037259615384615384
1 0.4170673076923077 0.5408653846153846 0.06850961538461539 0.08774038461538461
4 0.4014423076923077 0.41947115384615385 0.01201923076923077 0.03125
4 0.4026442307692308 0.421875 0.013221153846153846 0.03365384615384615
4 0.4495192307692308 0.41466346153846156 0.01201923076923077 0.028846153846153848
4 0.4495192307692308 0.41586538461538464 0.013221153846153846 0.028846153846153848
1 0.5 0.53125 0.03485576923076923 0.040865384615384616
4 0.5180288461538461 0.47475961538461536 0.009615384615384616 0.028846153846153848
1 0.640625 0.5108173076923077 0.07211538461538461 0.05889423076923077