1 0.06850961538461539 0.5288461538461539 0.13701923076923078 0.12860576923076922
1 0.30408653846153844 0.5456730769230769 0.23197115384615385 0.21875
1 0.39903846153846156 0.4879807692307692 0.06850961538461539 0.07451923076923077
1 0.39903846153846156 0.49038461538461536 0.056490384615384616 0.040865384615384616
1 0.6009615384615384 0.5024038461538461 0.056490384615384616 0.078125
1 0.6322115384615384 0.5024038461538461 0.028846153846153848 0.06490384615384616
1 0.6670673076923077 0.5024038461538461 0.04447115384615385 0.05048076923076923
1 0.6899038461538461 0.4987980769230769 0.03365384615384615 0.04447115384615385
1 0.7127403846153846 0.5 0.021634615384615384 0.05048076923076923
1 0.7259615384615384 0.5 0.03485576923076923 0.056490384615384616
1 0.7319711538461539 0.49158653846153844 0.037259615384615384 0.04326923076923077
1 0.8269230769230769 0.49278846153846156 0.015625 0.04447115384615385
1 0.8365384615384616 0.5024038461538461 0.015625 0.055288461538461536
1 0.8509615384615384 0.5072115384615384 0.025240384615384616 0.06610576923076923
1 0.8822115384615384 0.5144230769230769 0.056490384615384616 0.07572115384615384
1 0.8846153846153846 0.5060096153846154 0.04447115384615385 0.08173076923076923
1 0.9447115384615384 0.5240384615384616 0.10576923076923077 0.1622596153846154
1 0.9471153846153846 0.53125 0.10336538461538461 0.14423076923076922