10 0.06129807692307692 0.5240384615384616 0.12259615384615384 0.08052884615384616
2 0.07932692307692307 0.5564903846153846 0.027644230769230768 0.07572115384615384
2 0.08052884615384616 0.5492788461538461 0.021634615384615384 0.08413461538461539
2 0.18269230769230768 0.5396634615384616 0.021634615384615384 0.08052884615384616
6 0.35216346153846156 0.18269230769230768 0.03485576923076923 0.08653846153846154
1 0.46875 0.5348557692307693 0.13701923076923078 0.08052884615384616
6 0.6045673076923077 0.34975961538461536 0.027644230769230768 0.08774038461538461
6 0.6045673076923077 0.34375 0.015625 0.07451923076923077
2 0.6754807692307693 0.5276442307692307 0.03125 0.125
2 0.7475961538461539 0.5264423076923077 0.037259615384615384 0.1502403846153846
2 0.828125 0.5360576923076923 0.04447115384615385 0.171875
2 0.8245192307692307 0.5420673076923077 0.03485576923076923 0.17548076923076922
2 0.9254807692307693 0.5252403846153846 0.0625 0.21153846153846154