1 0.04807692307692308 0.6165865384615384 0.09615384615384616 0.1346153846153846
1 0.12620192307692307 0.5396634615384616 0.20072115384615385 0.19110576923076922
10 0.12860576923076922 0.5372596153846154 0.17548076923076922 0.16947115384615385
1 0.27884615384615385 0.5649038461538461 0.06009615384615385 0.07211538461538461
1 0.38822115384615385 0.5865384615384616 0.10336538461538461 0.12740384615384615
10 0.4254807692307692 0.5516826923076923 0.078125 0.11298076923076923
1 0.43149038461538464 0.5492788461538461 0.06610576923076923 0.12860576923076922
1 0.49759615384615385 0.5697115384615384 0.03485576923076923 0.078125
1 0.5336538461538461 0.5733173076923077 0.08052884615384616 0.09375
1 0.5685096153846154 0.5612980769230769 0.040865384615384616 0.140625
1 0.6634615384615384 0.5721153846153846 0.1658653846153846 0.2247596153846154
1 0.8305288461538461 0.6394230769230769 0.3317307692307692 0.33774038461538464
1 0.8569711538461539 0.4495192307692308 0.1346153846153846 0.10576923076923077
10 0.8473557692307693 0.44591346153846156 0.11298076923076923 0.09615384615384616