2 0.009615384615384616 0.5637019230769231 0.019230769230769232 0.07451923076923077
2 0.009615384615384616 0.5637019230769231 0.019230769230769232 0.07451923076923077
2 0.019230769230769232 0.5396634615384616 0.018028846153846152 0.06009615384615385
2 0.046875 0.5384615384615384 0.019230769230769232 0.06850961538461539
2 0.05048076923076923 0.5420673076923077 0.015625 0.07451923076923077
2 0.056490384615384616 0.5432692307692307 0.018028846153846152 0.08413461538461539
2 0.07211538461538461 0.5336538461538461 0.015625 0.078125
1 0.27403846153846156 0.6418269230769231 0.2848557692307692 0.328125
6 0.1658653846153846 0.40024038461538464 0.015625 0.038461538461538464
1 0.4170673076923077 0.5360576923076923 0.11899038461538461 0.11538461538461539
2 0.38221153846153844 0.47716346153846156 0.04326923076923077 0.109375
2 0.4362980769230769 0.5336538461538461 0.06490384615384616 0.19110576923076922
6 0.5024038461538461 0.375 0.018028846153846152 0.056490384615384616
1 0.7115384615384616 0.5372596153846154 0.19471153846153846 0.10336538461538461
2 0.6286057692307693 0.5168269230769231 0.021634615384615384 0.06490384615384616
2 0.6298076923076923 0.5288461538461539 0.02403846153846154 0.08653846153846154
2 0.8533653846153846 0.47596153846153844 0.03485576923076923 0.056490384615384616
2 0.8521634615384616 0.4807692307692308 0.02403846153846154 0.06610576923076923