1 0.05048076923076923 0.5865384615384616 0.10096153846153846 0.25961538461538464
1 0.12740384615384615 0.5829326923076923 0.12860576923076922 0.18389423076923078
1 0.1814903846153846 0.5600961538461539 0.11538461538461539 0.12860576923076922
1 0.2283653846153846 0.5444711538461539 0.07572115384615384 0.11298076923076923
1 0.21634615384615385 0.5709134615384616 0.04447115384615385 0.08774038461538461
1 0.27884615384615385 0.5180288461538461 0.09014423076923077 0.08413461538461539
1 0.27283653846153844 0.5384615384615384 0.078125 0.09735576923076923
1 0.33052884615384615 0.5444711538461539 0.021634615384615384 0.055288461538461536
1 0.3605769230769231 0.5192307692307693 0.028846153846153848 0.07451923076923077
1 0.6514423076923077 0.5336538461538461 0.03125 0.07451923076923077
1 0.6754807692307693 0.546875 0.02403846153846154 0.07451923076923077
1 0.7007211538461539 0.5637019230769231 0.025240384615384616 0.078125
1 0.7247596153846154 0.5552884615384616 0.03125 0.11899038461538461
1 0.7956730769230769 0.5540865384615384 0.13701923076923078 0.17427884615384615
1 0.7632211538461539 0.5612980769230769 0.05889423076923077 0.16826923076923078
1 0.8461538461538461 0.5841346153846154 0.12139423076923077 0.16826923076923078
1 0.8305288461538461 0.5925480769230769 0.08774038461538461 0.15865384615384615
1 0.9242788461538461 0.5829326923076923 0.1502403846153846 0.2776442307692308