10 0.06129807692307692 0.47836538461538464 0.12259615384615384 0.15985576923076922
1 0.11538461538461539 0.5576923076923077 0.09375 0.09615384615384616
1 0.1814903846153846 0.48677884615384615 0.13822115384615385 0.1346153846153846
10 0.17668269230769232 0.5012019230769231 0.078125 0.1346153846153846
1 0.28125 0.6225961538461539 0.27163461538461536 0.31971153846153844
1 0.38341346153846156 0.49759615384615385 0.15865384615384615 0.2620192307692308
10 0.39903846153846156 0.5240384615384616 0.12139423076923077 0.2247596153846154
1 0.5048076923076923 0.5288461538461539 0.05048076923076923 0.06490384615384616
1 0.5168269230769231 0.5432692307692307 0.06610576923076923 0.078125
1 0.5805288461538461 0.5252403846153846 0.09615384615384616 0.13221153846153846
1 0.6526442307692307 0.5540865384615384 0.16947115384615385 0.1658653846153846
1 0.75 0.47596153846153844 0.09134615384615384 0.15625