2 0.010817307692307692 0.5564903846153846 0.019230769230769232 0.07451923076923077
0 0.09735576923076923 0.5432692307692307 0.06009615384615385 0.09615384615384616
1 0.1201923076923077 0.5408653846153846 0.07572115384615384 0.08173076923076923
1 0.1778846153846154 0.5396634615384616 0.04927884615384615 0.05048076923076923
1 0.17908653846153846 0.5396634615384616 0.046875 0.06610576923076923
1 0.33052884615384615 0.6526442307692307 0.3317307692307692 0.421875
7 0.2800480769230769 0.2776442307692308 0.021634615384615384 0.06490384615384616
6 0.3894230769230769 0.2860576923076923 0.021634615384615384 0.07211538461538461
1 0.5420673076923077 0.5324519230769231 0.15865384615384615 0.10576923076923077
0 0.5096153846153846 0.5300480769230769 0.03365384615384615 0.07451923076923077
6 0.5637019230769231 0.4098557692307692 0.02403846153846154 0.0625
2 0.6346153846153846 0.5492788461538461 0.08653846153846154 0.22115384615384615
2 0.6358173076923077 0.5492788461538461 0.08173076923076923 0.21875
0 0.6622596153846154 0.5252403846153846 0.03125 0.09014423076923077
0 0.6622596153846154 0.5300480769230769 0.025240384615384616 0.09014423076923077
1 0.7475961538461539 0.5288461538461539 0.1658653846153846 0.08413461538461539