1 0.054086538461538464 0.5889423076923077 0.10697115384615384 0.10576923076923077
2 0.054086538461538464 0.5300480769230769 0.019230769230769232 0.028846153846153848
2 0.054086538461538464 0.5288461538461539 0.009615384615384616 0.019230769230769232
1 0.12860576923076922 0.5612980769230769 0.09014423076923077 0.10336538461538461
1 0.12740384615384615 0.5600961538461539 0.07211538461538461 0.12259615384615384
1 0.19230769230769232 0.5552884615384616 0.056490384615384616 0.08052884615384616
1 0.23317307692307693 0.5540865384615384 0.027644230769230768 0.06850961538461539
2 0.33052884615384615 0.5348557692307693 0.015625 0.052884615384615384
2 0.34134615384615385 0.5324519230769231 0.009615384615384616 0.040865384615384616
1 0.41947115384615385 0.5492788461538461 0.06971153846153846 0.08653846153846154
1 0.5685096153846154 0.5432692307692307 0.037259615384615384 0.10697115384615384
1 0.8161057692307693 0.6021634615384616 0.32572115384615385 0.29447115384615385
2 0.8762019230769231 0.46153846153846156 0.037259615384615384 0.09735576923076923