10 0.16466346153846154 0.5084134615384616 0.11177884615384616 0.11298076923076923
1 0.19230769230769232 0.5372596153846154 0.05048076923076923 0.05889423076923077
1 0.20072115384615385 0.5372596153846154 0.056490384615384616 0.06610576923076923
1 0.26322115384615385 0.5444711538461539 0.09975961538461539 0.11177884615384616
1 0.32572115384615385 0.5276442307692307 0.03125 0.03485576923076923
1 0.32572115384615385 0.5288461538461539 0.025240384615384616 0.028846153846153848
1 0.39302884615384615 0.5456730769230769 0.08413461538461539 0.11177884615384616
7 0.36538461538461536 0.3173076923076923 0.015625 0.04447115384615385
10 0.5024038461538461 0.47596153846153844 0.11177884615384616 0.09375
6 0.4579326923076923 0.33653846153846156 0.015625 0.04927884615384615
6 0.4579326923076923 0.33653846153846156 0.013221153846153846 0.046875
1 0.5877403846153846 0.5288461538461539 0.1310096153846154 0.18028846153846154
1 0.5721153846153846 0.5264423076923077 0.08173076923076923 0.1778846153846154
6 0.5817307692307693 0.41346153846153844 0.01201923076923077 0.025240384615384616
6 0.5841346153846154 0.41225961538461536 0.01201923076923077 0.02403846153846154
1 0.7163461538461539 0.5769230769230769 0.2247596153846154 0.25721153846153844
6 0.7764423076923077 0.3076923076923077 0.02403846153846154 0.078125
6 0.7788461538461539 0.3112980769230769 0.021634615384615384 0.09014423076923077
2 0.8918269230769231 0.5048076923076923 0.040865384615384616 0.12740384615384615
2 0.8918269230769231 0.5060096153846154 0.038461538461538464 0.11538461538461539