1 0.09375 0.6117788461538461 0.10697115384615384 0.13822115384615385
1 0.09495192307692307 0.5336538461538461 0.07572115384615384 0.052884615384615384
1 0.16466346153846154 0.5877403846153846 0.056490384615384616 0.09375
1 0.21514423076923078 0.578125 0.040865384615384616 0.08653846153846154
1 0.24278846153846154 0.5757211538461539 0.027644230769230768 0.056490384615384616
1 0.24519230769230768 0.5757211538461539 0.019230769230769232 0.06009615384615385
1 0.27163461538461536 0.5757211538461539 0.027644230769230768 0.0625
1 0.30649038461538464 0.5649038461538461 0.040865384615384616 0.06850961538461539
1 0.36658653846153844 0.5661057692307693 0.025240384615384616 0.06610576923076923
1 0.43990384615384615 0.5925480769230769 0.11899038461538461 0.15865384615384615
1 0.671875 0.5600961538461539 0.06490384615384616 0.06009615384615385
1 0.7367788461538461 0.5612980769230769 0.05048076923076923 0.06610576923076923
1 0.7992788461538461 0.5769230769230769 0.10096153846153846 0.09014423076923077
1 0.8870192307692307 0.5480769230769231 0.056490384615384616 0.040865384615384616
1 0.9507211538461539 0.5817307692307693 0.09615384615384616 0.12259615384615384