1 0.9411057692307693 0.546875 0.11538461538461539 0.20072115384615385
2 0.828125 0.5060096153846154 0.06009615384615385 0.0625
2 0.8233173076923077 0.4651442307692308 0.019230769230769232 0.06971153846153846
2 0.8497596153846154 0.46274038461538464 0.018028846153846152 0.08173076923076923
2 0.7980769230769231 0.46634615384615385 0.021634615384615384 0.08413461538461539
1 0.03365384615384615 0.5600961538461539 0.06610576923076923 0.09615384615384616
1 0.06850961538461539 0.5408653846153846 0.04326923076923077 0.09735576923076923
1 0.11538461538461539 0.5372596153846154 0.052884615384615384 0.052884615384615384
1 0.14783653846153846 0.53125 0.02403846153846154 0.03125
1 0.18509615384615385 0.5204326923076923 0.04326923076923077 0.05889423076923077
1 0.25841346153846156 0.5180288461538461 0.03125 0.038461538461538464
1 0.38461538461538464 0.5480769230769231 0.17427884615384615 0.25600961538461536
1 0.46634615384615385 0.5228365384615384 0.052884615384615384 0.08653846153846154
1 0.5228365384615384 0.5264423076923077 0.12139423076923077 0.09615384615384616