6 0.27403846153846156 0.42908653846153844 0.028846153846153848 0.040865384615384616
1 0.390625 0.4987980769230769 0.11899038461538461 0.1346153846153846
1 0.390625 0.49759615384615385 0.078125 0.11298076923076923
6 0.4495192307692308 0.3545673076923077 0.021634615384615384 0.038461538461538464
7 0.4519230769230769 0.3581730769230769 0.018028846153846152 0.05048076923076923
1 0.5192307692307693 0.48197115384615385 0.052884615384615384 0.046875
6 0.5120192307692307 0.3605769230769231 0.021634615384615384 0.03125
6 0.5096153846153846 0.36658653846153844 0.013221153846153846 0.038461538461538464
1 0.5757211538461539 0.4807692307692308 0.08173076923076923 0.052884615384615384
6 0.6069711538461539 0.4206730769230769 0.018028846153846152 0.03485576923076923
1 0.6923076923076923 0.5036057692307693 0.10576923076923077 0.125
1 0.6911057692307693 0.5024038461538461 0.09975961538461539 0.10096153846153846
6 0.7295673076923077 0.36177884615384615 0.025240384615384616 0.06610576923076923
6 0.7319711538461539 0.35697115384615385 0.027644230769230768 0.06850961538461539