1 0.06610576923076923 0.4831730769230769 0.021634615384615384 0.03125
1 0.17307692307692307 0.48197115384615385 0.021634615384615384 0.03365384615384615
1 0.12740384615384615 0.49158653846153844 0.037259615384615384 0.055288461538461536
2 0.4266826923076923 0.515625 0.028846153846153848 0.13221153846153846
2 0.43028846153846156 0.5132211538461539 0.03365384615384615 0.13221153846153846
1 0.5096153846153846 0.47475961538461536 0.04447115384615385 0.04447115384615385
1 0.5408653846153846 0.4639423076923077 0.04326923076923077 0.052884615384615384
1 0.6899038461538461 0.5048076923076923 0.3401442307692308 0.18028846153846154
1 0.8713942307692307 0.45552884615384615 0.08173076923076923 0.055288461538461536
1 0.9182692307692307 0.46153846153846156 0.10336538461538461 0.09735576923076923
1 0.9134615384615384 0.4519230769230769 0.09014423076923077 0.056490384615384616