4 0.25841346153846156 0.43990384615384615 0.018028846153846152 0.038461538461538464
2 0.4170673076923077 0.49759615384615385 0.021634615384615384 0.09134615384615384
2 0.421875 0.49278846153846156 0.019230769230769232 0.08653846153846154
5 0.44471153846153844 0.41346153846153844 0.015625 0.038461538461538464
4 0.44711538461538464 0.41947115384615385 0.018028846153846152 0.03365384615384615
1 0.5528846153846154 0.4951923076923077 0.03485576923076923 0.06009615384615385
1 0.5528846153846154 0.49759615384615385 0.028846153846153848 0.038461538461538464
4 0.6069711538461539 0.41947115384615385 0.019230769230769232 0.03485576923076923
4 0.6069711538461539 0.42427884615384615 0.013221153846153846 0.040865384615384616
1 0.7824519230769231 0.49038461538461536 0.09735576923076923 0.056490384615384616
1 0.7824519230769231 0.4879807692307692 0.09615384615384616 0.046875
2 0.9074519230769231 0.5084134615384616 0.04326923076923077 0.15384615384615385
2 0.9038461538461539 0.5144230769230769 0.03125 0.15985576923076922