1 0.025240384615384616 0.5721153846153846 0.05048076923076923 0.1622596153846154
1 0.12980769230769232 0.5408653846153846 0.15384615384615385 0.14423076923076922
1 0.30288461538461536 0.5264423076923077 0.04326923076923077 0.06009615384615385
5 0.33774038461538464 0.35697115384615385 0.018028846153846152 0.055288461538461536
7 0.33653846153846156 0.3545673076923077 0.013221153846153846 0.03485576923076923
1 0.3798076923076923 0.5192307692307693 0.04927884615384615 0.06610576923076923
1 0.44471153846153844 0.5264423076923077 0.07572115384615384 0.11177884615384616
4 0.4170673076923077 0.3557692307692308 0.013221153846153846 0.038461538461538464
4 0.5432692307692307 0.4387019230769231 0.013221153846153846 0.03365384615384615
2 0.5973557692307693 0.5108173076923077 0.019230769230769232 0.06850961538461539
2 0.6201923076923077 0.5132211538461539 0.018028846153846152 0.0625
10 0.8185096153846154 0.4651442307692308 0.2848557692307692 0.15384615384615385
4 0.7115384615384616 0.30528846153846156 0.018028846153846152 0.09735576923076923
1 0.7884615384615384 0.5072115384615384 0.140625 0.06850961538461539
1 0.7908653846153846 0.5072115384615384 0.125 0.06009615384615385
2 0.7584134615384616 0.5144230769230769 0.021634615384615384 0.14302884615384615