1 0.08774038461538461 0.5685096153846154 0.17548076923076922 0.19471153846153846
7 0.18990384615384615 0.078125 0.046875 0.15384615384615385
1 0.36778846153846156 0.53125 0.10697115384615384 0.1310096153846154
1 0.42788461538461536 0.5204326923076923 0.046875 0.09975961538461539
1 0.5024038461538461 0.5432692307692307 0.109375 0.15625
1 0.6502403846153846 0.5372596153846154 0.10697115384615384 0.12740384615384615
1 0.7355769230769231 0.5144230769230769 0.025240384615384616 0.05889423076923077
1 0.765625 0.5180288461538461 0.04927884615384615 0.056490384615384616
1 0.8317307692307693 0.5240384615384616 0.06610576923076923 0.07572115384615384
0 0.9134615384615384 0.5492788461538461 0.11538461538461539 0.203125
1 0.9387019230769231 0.53125 0.11899038461538461 0.09735576923076923