1 0.02283653846153846 0.5805288461538461 0.04447115384615385 0.14423076923076922
1 0.07932692307692307 0.5733173076923077 0.09134615384615384 0.11778846153846154
1 0.08173076923076923 0.5721153846153846 0.08774038461538461 0.09615384615384616
1 0.17668269230769232 0.5540865384615384 0.09014423076923077 0.09134615384615384
10 0.3269230769230769 0.5108173076923077 0.0625 0.09615384615384616
1 0.35096153846153844 0.5504807692307693 0.046875 0.04326923076923077
1 0.4338942307692308 0.5288461538461539 0.0625 0.08173076923076923
1 0.5024038461538461 0.5240384615384616 0.028846153846153848 0.06490384615384616
1 0.5300480769230769 0.5240384615384616 0.046875 0.08653846153846154
1 0.546875 0.5372596153846154 0.04326923076923077 0.09134615384615384
1 0.5973557692307693 0.5420673076923077 0.09615384615384616 0.11778846153846154