1 0.10096153846153846 0.5492788461538461 0.08173076923076923 0.09014423076923077
1 0.12740384615384615 0.5060096153846154 0.08052884615384616 0.052884615384615384
10 0.2644230769230769 0.48197115384615385 0.125 0.20072115384615385
1 0.3485576923076923 0.5252403846153846 0.040865384615384616 0.037259615384615384
1 0.38341346153846156 0.5180288461538461 0.03485576923076923 0.03485576923076923
7 0.4230769230769231 0.31971153846153844 0.021634615384615384 0.06490384615384616
6 0.5 0.31850961538461536 0.025240384615384616 0.06610576923076923
6 0.6442307692307693 0.41466346153846156 0.027644230769230768 0.06971153846153846
10 0.9278846153846154 0.4579326923076923 0.1346153846153846 0.203125
1 0.9447115384615384 0.7584134615384616 0.09134615384615384 0.43028846153846156
1 0.9495192307692307 0.7632211538461539 0.09735576923076923 0.47115384615384615