1 0.17548076923076922 0.5793269230769231 0.2776442307692308 0.1346153846153846
1 0.36177884615384615 0.5504807692307693 0.13701923076923078 0.08653846153846154
1 0.43028846153846156 0.5348557692307693 0.07211538461538461 0.09014423076923077
1 0.43990384615384615 0.5444711538461539 0.05048076923076923 0.109375
1 0.4891826923076923 0.5288461538461539 0.06971153846153846 0.09615384615384616
1 0.5444711538461539 0.5288461538461539 0.04326923076923077 0.08173076923076923
1 0.7367788461538461 0.5444711538461539 0.16826923076923078 0.2620192307692308
1 0.8569711538461539 0.5072115384615384 0.03485576923076923 0.05048076923076923
1 0.9242788461538461 0.5228365384615384 0.03125 0.09134615384615384
1 0.9483173076923077 0.5336538461538461 0.040865384615384616 0.09615384615384616
10 0.9795673076923077 0.48197115384615385 0.037259615384615384 0.2439903846153846