1 0.09254807692307693 0.6009615384615384 0.18509615384615385 0.3786057692307692
1 0.25240384615384615 0.5516826923076923 0.06971153846153846 0.07451923076923077
3 0.29927884615384615 0.30408653846153844 0.03125 0.07451923076923077
1 0.3173076923076923 0.546875 0.018028846153846152 0.02403846153846154
1 0.33533653846153844 0.5444711538461539 0.019230769230769232 0.02403846153846154
1 0.37740384615384615 0.5432692307692307 0.03365384615384615 0.08774038461538461
1 0.37740384615384615 0.5444711538461539 0.03485576923076923 0.07572115384615384
1 0.43028846153846156 0.5492788461538461 0.10697115384615384 0.14302884615384615
3 0.41346153846153844 0.3016826923076923 0.027644230769230768 0.07451923076923077
3 0.5096153846153846 0.30288461538461536 0.03365384615384615 0.06850961538461539
1 0.5456730769230769 0.5252403846153846 0.056490384615384616 0.09615384615384616
1 0.5480769230769231 0.5144230769230769 0.037259615384615384 0.055288461538461536
1 0.6430288461538461 0.5516826923076923 0.08774038461538461 0.10336538461538461
1 0.8197115384615384 0.6382211538461539 0.3557692307692308 0.34615384615384615
4 0.7319711538461539 0.41346153846153844 0.027644230769230768 0.06971153846153846
3 0.7355769230769231 0.41466346153846156 0.021634615384615384 0.056490384615384616
1 0.9639423076923077 0.5288461538461539 0.06610576923076923 0.06971153846153846