1 0.04927884615384615 0.5877403846153846 0.09615384615384616 0.1875
1 0.8990384615384616 0.6466346153846154 0.19951923076923078 0.5288461538461539
10 0.27884615384615385 0.48677884615384615 0.14302884615384615 0.2091346153846154
10 0.2764423076923077 0.49278846153846156 0.13221153846153846 0.1971153846153846
1 0.34615384615384615 0.53125 0.025240384615384616 0.052884615384615384
1 0.359375 0.5324519230769231 0.019230769230769232 0.038461538461538464
1 0.37740384615384615 0.5288461538461539 0.019230769230769232 0.03125
1 0.49759615384615385 0.5420673076923077 0.009615384615384616 0.05048076923076923
1 0.5132211538461539 0.5336538461538461 0.03365384615384615 0.08774038461538461
1 0.5384615384615384 0.5432692307692307 0.04447115384615385 0.06850961538461539
1 0.5949519230769231 0.5576923076923077 0.09975961538461539 0.09134615384615384
1 0.5997596153846154 0.5637019230769231 0.10096153846153846 0.09014423076923077
1 0.7512019230769231 0.5925480769230769 0.20552884615384615 0.2091346153846154
1 0.7487980769230769 0.5961538461538461 0.1935096153846154 0.2403846153846154