1 0.042067307692307696 0.5480769230769231 0.08413461538461539 0.09615384615384616
1 0.009615384615384616 0.5817307692307693 0.019230769230769232 0.06971153846153846
1 0.04447115384615385 0.5552884615384616 0.07211538461538461 0.10336538461538461
1 0.09975961538461539 0.5480769230769231 0.05048076923076923 0.08413461538461539
1 0.10096153846153846 0.5552884615384616 0.038461538461538464 0.07451923076923077
1 0.17067307692307693 0.5528846153846154 0.06850961538461539 0.07211538461538461
1 0.2127403846153846 0.5480769230769231 0.040865384615384616 0.06009615384615385
1 0.20793269230769232 0.5576923076923077 0.02403846153846154 0.04927884615384615
1 0.5288461538461539 0.5528846153846154 0.03365384615384615 0.055288461538461536
1 0.5264423076923077 0.5516826923076923 0.028846153846153848 0.04326923076923077
1 0.5456730769230769 0.5504807692307693 0.025240384615384616 0.06850961538461539
1 0.5721153846153846 0.5588942307692307 0.052884615384615384 0.07451923076923077
1 0.5817307692307693 0.5576923076923077 0.06009615384615385 0.0625
1 0.6430288461538461 0.5697115384615384 0.09615384615384616 0.08774038461538461
1 0.75 0.5733173076923077 0.09735576923076923 0.09375
1 0.8461538461538461 0.578125 0.10697115384615384 0.09615384615384616
1 0.9483173076923077 0.5901442307692307 0.09375 0.09375