10 0.13221153846153846 0.49759615384615385 0.13221153846153846 0.1310096153846154
10 0.1310096153846154 0.49759615384615385 0.12259615384615384 0.1346153846153846
1 0.1935096153846154 0.5552884615384616 0.1502403846153846 0.15384615384615385
1 0.28725961538461536 0.5336538461538461 0.07451923076923077 0.078125
1 0.2920673076923077 0.5276442307692307 0.06850961538461539 0.07211538461538461
1 0.38341346153846156 0.5576923076923077 0.12860576923076922 0.16826923076923078
7 0.3557692307692308 0.28725961538461536 0.015625 0.05048076923076923
10 0.5120192307692307 0.4831730769230769 0.12860576923076922 0.12740384615384615
6 0.46033653846153844 0.31009615384615385 0.015625 0.04927884615384615
6 0.46033653846153844 0.31009615384615385 0.013221153846153846 0.046875
1 0.6586538461538461 0.5420673076923077 0.18990384615384615 0.28846153846153844
1 0.6995192307692307 0.5396634615384616 0.26802884615384615 0.28846153846153844
6 0.6021634615384616 0.40024038461538464 0.015625 0.038461538461538464
6 0.6009615384615384 0.4026442307692308 0.01201923076923077 0.04447115384615385
1 0.8677884615384616 0.6610576923076923 0.2620192307692308 0.5252403846153846
6 0.8954326923076923 0.23798076923076922 0.03125 0.11899038461538461
6 0.8954326923076923 0.23677884615384615 0.028846153846153848 0.10336538461538461