4 0.9747596153846154 0.42427884615384615 0.018028846153846152 0.04447115384615385
1 0.0733173076923077 0.5961538461538461 0.14423076923076922 0.21514423076923078
1 0.09134615384615384 0.5444711538461539 0.08413461538461539 0.06610576923076923
1 0.140625 0.5588942307692307 0.08052884615384616 0.08052884615384616
1 0.1935096153846154 0.5649038461538461 0.037259615384615384 0.0625
1 0.24158653846153846 0.5576923076923077 0.07211538461538461 0.07211538461538461
1 0.3112980769230769 0.5504807692307693 0.06009615384615385 0.07211538461538461
1 0.3088942307692308 0.5504807692307693 0.052884615384615384 0.08653846153846154
1 0.36778846153846156 0.5516826923076923 0.06009615384615385 0.08052884615384616
1 0.4098557692307692 0.5504807692307693 0.03125 0.06490384615384616
1 0.46274038461538464 0.5444711538461539 0.06009615384615385 0.06009615384615385
5 0.45072115384615385 0.32091346153846156 0.025240384615384616 0.06610576923076923
1 0.48677884615384615 0.5348557692307693 0.037259615384615384 0.0625
5 0.5228365384615384 0.36899038461538464 0.027644230769230768 0.078125
4 0.5204326923076923 0.3737980769230769 0.015625 0.06490384615384616
1 0.5625 0.5288461538461539 0.019230769230769232 0.05048076923076923
1 0.5721153846153846 0.5372596153846154 0.018028846153846152 0.056490384615384616
1 0.6141826923076923 0.5336538461538461 0.06490384615384616 0.08774038461538461
1 0.6322115384615384 0.5216346153846154 0.019230769230769232 0.06009615384615385
1 0.6550480769230769 0.53125 0.027644230769230768 0.07211538461538461
1 0.6742788461538461 0.5240384615384616 0.037259615384615384 0.0625
1 0.7704326923076923 0.5961538461538461 0.20552884615384615 0.21153846153846154
4 0.7019230769230769 0.28365384615384615 0.03125 0.09615384615384616