2 0.5805288461538461 0.5072115384615384 0.01201923076923077 0.046875
2 0.5961538461538461 0.5036057692307693 0.01201923076923077 0.04927884615384615
1 0.16947115384615385 0.5360576923076923 0.05889423076923077 0.0625
1 0.3449519230769231 0.6177884615384616 0.27163461538461536 0.33413461538461536
7 0.28725961538461536 0.28125 0.019230769230769232 0.06009615384615385
7 0.2860576923076923 0.27884615384615385 0.015625 0.055288461538461536
6 0.39302884615384615 0.28846153846153844 0.015625 0.04927884615384615
2 0.5649038461538461 0.5108173076923077 0.027644230769230768 0.07451923076923077
6 0.5600961538461539 0.40865384615384615 0.018028846153846152 0.04326923076923077
2 0.5649038461538461 0.5144230769230769 0.019230769230769232 0.06971153846153846
0 0.6658653846153846 0.5168269230769231 0.038461538461538464 0.10336538461538461
0 0.6646634615384616 0.5192307692307693 0.02403846153846154 0.08173076923076923
0 0.7644230769230769 0.5144230769230769 0.07451923076923077 0.09735576923076923
0 0.7680288461538461 0.5180288461538461 0.05048076923076923 0.08052884615384616
1 0.8798076923076923 0.5132211538461539 0.17427884615384615 0.08413461538461539
1 0.9651442307692307 0.4987980769230769 0.06850961538461539 0.07211538461538461
6 0.9747596153846154 0.08413461538461539 0.04927884615384615 0.1658653846153846