1 0.04567307692307692 0.53125 0.09134615384615384 0.17548076923076922
1 0.12740384615384615 0.515625 0.11177884615384616 0.11899038461538461
1 0.140625 0.5204326923076923 0.11899038461538461 0.1346153846153846
1 0.2548076923076923 0.4987980769230769 0.09615384615384616 0.125
1 0.25721153846153844 0.4951923076923077 0.09134615384615384 0.09735576923076923
1 0.39302884615384615 0.4855769230769231 0.038461538461538464 0.04326923076923077
1 0.41947115384615385 0.47716346153846156 0.02403846153846154 0.038461538461538464
1 0.5024038461538461 0.4891826923076923 0.056490384615384616 0.09615384615384616
10 0.5360576923076923 0.44471153846153844 0.037259615384615384 0.03125
1 0.5336538461538461 0.47115384615384615 0.015625 0.03125
1 0.5456730769230769 0.47716346153846156 0.021634615384615384 0.03125
1 0.9362980769230769 0.5024038461538461 0.12259615384615384 0.1466346153846154