1 0.03245192307692308 0.5456730769230769 0.06490384615384616 0.05048076923076923
1 0.11778846153846154 0.5300480769230769 0.06610576923076923 0.09014423076923077
1 0.11778846153846154 0.5252403846153846 0.0625 0.07451923076923077
1 0.4026442307692308 0.5408653846153846 0.11899038461538461 0.16826923076923078
6 0.39302884615384615 0.47596153846153844 0.018028846153846152 0.019230769230769232
1 0.4543269230769231 0.5336538461538461 0.056490384615384616 0.08052884615384616
6 0.5048076923076923 0.47596153846153844 0.013221153846153846 0.028846153846153848
1 0.5276442307692307 0.5444711538461539 0.03125 0.06610576923076923
1 0.5444711538461539 0.5444711538461539 0.037259615384615384 0.08653846153846154
1 0.5444711538461539 0.5540865384615384 0.028846153846153848 0.08052884615384616
1 0.5649038461538461 0.5528846153846154 0.03485576923076923 0.078125
1 0.5853365384615384 0.5600961538461539 0.04326923076923077 0.08653846153846154
1 0.5913461538461539 0.5612980769230769 0.05048076923076923 0.09375
1 0.6310096153846154 0.5528846153846154 0.08413461538461539 0.14423076923076922
1 0.6430288461538461 0.5600961538461539 0.09134615384615384 0.14302884615384615
1 0.765625 0.5733173076923077 0.24639423076923078 0.23677884615384615
1 0.7644230769230769 0.5745192307692307 0.23798076923076922 0.24759615384615385