2 0.8966346153846154 0.49158653846153844 0.03125 0.14903846153846154
2 0.9194711538461539 0.5144230769230769 0.040865384615384616 0.16346153846153846
2 0.8894230769230769 0.5264423076923077 0.028846153846153848 0.12740384615384615
2 0.8137019230769231 0.49759615384615385 0.03125 0.12740384615384615
2 0.7908653846153846 0.5 0.021634615384615384 0.11899038461538461
1 0.10817307692307693 0.53125 0.11538461538461539 0.09615384615384616
1 0.19591346153846154 0.5372596153846154 0.1346153846153846 0.1310096153846154
1 0.33413461538461536 0.5024038461538461 0.05048076923076923 0.06009615384615385
1 0.41466346153846156 0.5036057692307693 0.055288461538461536 0.078125
2 0.47596153846153844 0.6189903846153846 0.06850961538461539 0.45913461538461536
2 0.5444711538461539 0.6129807692307693 0.11778846153846154 0.5432692307692307
2 0.7139423076923077 0.5192307692307693 0.04326923076923077 0.09735576923076923
2 0.7355769230769231 0.5084134615384616 0.04447115384615385 0.15985576923076922
2 0.7692307692307693 0.5 0.03485576923076923 0.1502403846153846