1 0.9399038461538461 0.5420673076923077 0.11538461538461539 0.23677884615384615
1 0.11298076923076923 0.5120192307692307 0.15384615384615385 0.11177884615384616
1 0.2247596153846154 0.5024038461538461 0.09134615384615384 0.09134615384615384
1 0.22235576923076922 0.5024038461538461 0.08413461538461539 0.08774038461538461
1 0.2764423076923077 0.48677884615384615 0.052884615384615384 0.08653846153846154
1 0.31009615384615385 0.4951923076923077 0.040865384615384616 0.08052884615384616
1 0.3161057692307692 0.4831730769230769 0.037259615384615384 0.07451923076923077
1 0.3473557692307692 0.4891826923076923 0.052884615384615384 0.06850961538461539
1 0.34615384615384615 0.48677884615384615 0.04326923076923077 0.06490384615384616
1 0.3858173076923077 0.47716346153846156 0.038461538461538464 0.05889423076923077
1 0.40865384615384615 0.48197115384615385 0.028846153846153848 0.055288461538461536
1 0.6490384615384616 0.4951923076923077 0.06009615384615385 0.06490384615384616
1 0.7548076923076923 0.5108173076923077 0.09615384615384616 0.10576923076923077
1 0.8617788461538461 0.5216346153846154 0.1622596153846154 0.15384615384615385