1 0.28966346153846156 0.5252403846153846 0.027644230769230768 0.04927884615384615
1 0.36177884615384615 0.5540865384615384 0.14903846153846154 0.20673076923076922
6 0.43028846153846156 0.47596153846153844 0.013221153846153846 0.037259615384615384
1 0.43990384615384615 0.5492788461538461 0.03365384615384615 0.11899038461538461
1 0.49278846153846156 0.5180288461538461 0.037259615384615384 0.038461538461538464
1 0.4963942307692308 0.5192307692307693 0.02403846153846154 0.03485576923076923
1 0.5300480769230769 0.5120192307692307 0.037259615384615384 0.056490384615384616
4 0.5552884615384616 0.38221153846153844 0.013221153846153846 0.04326923076923077
4 0.5540865384615384 0.38822115384615385 0.009615384615384616 0.038461538461538464
1 0.5877403846153846 0.5180288461538461 0.02403846153846154 0.037259615384615384
4 0.6382211538461539 0.453125 0.013221153846153846 0.037259615384615384
4 0.6382211538461539 0.46875 0.01201923076923077 0.03365384615384615
4 0.8209134615384616 0.40024038461538464 0.015625 0.046875
4 0.8245192307692307 0.40384615384615385 0.01201923076923077 0.05048076923076923
1 0.8990384615384616 0.49759615384615385 0.09735576923076923 0.056490384615384616
1 0.9134615384615384 0.49759615384615385 0.10096153846153846 0.06009615384615385