1 0.22115384615384615 0.5456730769230769 0.09375 0.08653846153846154
1 0.22235576923076922 0.5504807692307693 0.09615384615384616 0.09975961538461539
10 0.3269230769230769 0.49158653846153844 0.08173076923076923 0.140625
10 0.33413461538461536 0.49278846153846156 0.08774038461538461 0.1658653846153846
1 0.3713942307692308 0.5240384615384616 0.015625 0.04326923076923077
1 0.38100961538461536 0.5240384615384616 0.013221153846153846 0.037259615384615384
1 0.3918269230769231 0.5180288461538461 0.018028846153846152 0.03125
1 0.5012019230769231 0.5168269230769231 0.019230769230769232 0.06009615384615385
1 0.5096153846153846 0.5276442307692307 0.021634615384615384 0.04927884615384615
1 0.5324519230769231 0.53125 0.040865384615384616 0.0625
1 0.5576923076923077 0.5420673076923077 0.027644230769230768 0.08774038461538461
1 0.6201923076923077 0.5420673076923077 0.14423076923076922 0.16826923076923078
1 0.6274038461538461 0.5480769230769231 0.1466346153846154 0.15625