1 0.11298076923076923 0.546875 0.040865384615384616 0.06009615384615385
1 0.11538461538461539 0.5444711538461539 0.04326923076923077 0.04326923076923077
1 0.2800480769230769 0.5324519230769231 0.040865384615384616 0.0625
1 0.28125 0.5324519230769231 0.03485576923076923 0.06490384615384616
1 0.35697115384615385 0.5841346153846154 0.15625 0.21153846153846154
1 0.3629807692307692 0.5709134615384616 0.15985576923076922 0.1971153846153846
7 0.35697115384615385 0.3317307692307692 0.019230769230769232 0.06009615384615385
7 0.35697115384615385 0.33052884615384615 0.021634615384615384 0.05889423076923077
6 0.4567307692307692 0.33533653846153844 0.021634615384615384 0.0625
6 0.45552884615384615 0.33533653846153844 0.018028846153846152 0.06009615384615385
1 0.5132211538461539 0.5264423076923077 0.11298076923076923 0.08653846153846154
6 0.5444711538461539 0.36177884615384615 0.021634615384615384 0.056490384615384616
1 0.6117788461538461 0.5516826923076923 0.1502403846153846 0.22115384615384615
6 0.5444711538461539 0.359375 0.018028846153846152 0.05889423076923077
1 0.6009615384615384 0.5492788461538461 0.11298076923076923 0.19951923076923078
1 0.7752403846153846 0.6045673076923077 0.33052884615384615 0.32211538461538464
6 0.6478365384615384 0.421875 0.019230769230769232 0.038461538461538464
3 0.6490384615384616 0.4182692307692308 0.015625 0.040865384615384616
1 0.9170673076923077 0.49278846153846156 0.1622596153846154 0.28125