1 0.12379807692307693 0.5913461538461539 0.24759615384615385 0.34134615384615385
1 0.27524038461538464 0.49278846153846156 0.09615384615384616 0.109375
1 0.35697115384615385 0.5024038461538461 0.08173076923076923 0.09134615384615384
7 0.3870192307692308 0.3737980769230769 0.01201923076923077 0.03485576923076923
1 0.43028846153846156 0.48197115384615385 0.03485576923076923 0.05889423076923077
4 0.44350961538461536 0.37259615384615385 0.013221153846153846 0.037259615384615384
4 0.4795673076923077 0.38221153846153844 0.013221153846153846 0.03125
1 0.49278846153846156 0.484375 0.03485576923076923 0.055288461538461536
1 0.5913461538461539 0.4963942307692308 0.055288461538461536 0.07211538461538461
4 0.578125 0.4182692307692308 0.013221153846153846 0.03485576923076923
1 0.8858173076923077 0.4807692307692308 0.08052884615384616 0.07211538461538461