0 0.02283653846153846 0.5480769230769231 0.03365384615384615 0.08653846153846154
0 0.02403846153846154 0.5432692307692307 0.019230769230769232 0.06971153846153846
1 0.12740384615384615 0.5288461538461539 0.09375 0.09735576923076923
10 0.12740384615384615 0.5252403846153846 0.09375 0.08173076923076923
1 0.203125 0.5384615384615384 0.07451923076923077 0.06490384615384616
1 0.20072115384615385 0.5024038461538461 0.06610576923076923 0.037259615384615384
10 0.20072115384615385 0.5144230769230769 0.055288461538461536 0.05048076923076923
10 0.29447115384615385 0.484375 0.10697115384615384 0.17548076923076922
1 0.3581730769230769 0.5204326923076923 0.03365384615384615 0.03485576923076923
1 0.39663461538461536 0.5180288461538461 0.03485576923076923 0.038461538461538464
7 0.42427884615384615 0.31490384615384615 0.019230769230769232 0.055288461538461536
6 0.5012019230769231 0.3173076923076923 0.021634615384615384 0.0625
1 0.5564903846153846 0.5168269230769231 0.10096153846153846 0.09014423076923077
6 0.6430288461538461 0.41225961538461536 0.021634615384615384 0.0625