1 0.038461538461538464 0.5444711538461539 0.038461538461538464 0.04447115384615385
7 0.09735576923076923 0.4387019230769231 0.013221153846153846 0.037259615384615384
1 0.17427884615384615 0.5420673076923077 0.11538461538461539 0.140625
4 0.1875 0.43990384615384615 0.019230769230769232 0.03365384615384615
4 0.18509615384615385 0.45072115384615385 0.013221153846153846 0.037259615384615384
4 0.25600961538461536 0.4831730769230769 0.015625 0.040865384615384616
4 0.2548076923076923 0.4855769230769231 0.013221153846153846 0.03125
1 0.27163461538461536 0.5420673076923077 0.03365384615384615 0.046875
10 0.32572115384615385 0.48677884615384615 0.09014423076923077 0.16826923076923078
1 0.3641826923076923 0.5600961538461539 0.09615384615384616 0.11538461538461539
1 0.49759615384615385 0.5492788461538461 0.15384615384615385 0.17548076923076922
2 0.7572115384615384 0.5084134615384616 0.037259615384615384 0.14423076923076922
2 0.7584134615384616 0.5072115384615384 0.03485576923076923 0.15264423076923078
1 0.9146634615384616 0.5204326923076923 0.12860576923076922 0.08774038461538461