1 0.09735576923076923 0.6069711538461539 0.19471153846153846 0.27403846153846156
1 0.21875 0.5600961538461539 0.09014423076923077 0.16826923076923078
1 0.31850961538461536 0.5444711538461539 0.03125 0.05048076923076923
1 0.3425480769230769 0.5480769230769231 0.04927884615384615 0.07451923076923077
1 0.34615384615384615 0.5516826923076923 0.046875 0.06610576923076923
10 0.4026442307692308 0.5192307692307693 0.109375 0.2403846153846154
1 0.5180288461538461 0.5360576923076923 0.05048076923076923 0.06850961538461539
1 0.6153846153846154 0.5264423076923077 0.037259615384615384 0.05048076923076923
4 0.6322115384615384 0.41947115384615385 0.019230769230769232 0.052884615384615384
1 0.6694711538461539 0.5180288461538461 0.06490384615384616 0.05048076923076923
1 0.7824519230769231 0.5144230769230769 0.09975961538461539 0.06009615384615385