1 0.18629807692307693 0.6430288461538461 0.37259615384615385 0.6370192307692307
1 0.4026442307692308 0.5685096153846154 0.13822115384615385 0.1971153846153846
7 0.34615384615384615 0.4387019230769231 0.019230769230769232 0.055288461538461536
4 0.47475961538461536 0.359375 0.018028846153846152 0.055288461538461536
1 0.5084134615384616 0.5384615384615384 0.040865384615384616 0.05048076923076923
3 0.5240384615384616 0.4375 0.018028846153846152 0.052884615384615384
3 0.7043269230769231 0.3137019230769231 0.04326923076923077 0.12139423076923077
2 0.7199519230769231 0.5288461538461539 0.021634615384615384 0.06490384615384616
2 0.7367788461538461 0.5300480769230769 0.021634615384615384 0.078125
1 0.9026442307692307 0.5372596153846154 0.11177884615384616 0.11177884615384616
1 0.9411057692307693 0.5456730769230769 0.109375 0.11177884615384616
1 0.9723557692307693 0.5348557692307693 0.052884615384615384 0.09975961538461539