1 0.025240384615384616 0.5685096153846154 0.05048076923076923 0.06971153846153846
2 0.15985576923076922 0.6165865384615384 0.14423076923076922 0.625
1 0.19591346153846154 0.5649038461538461 0.05048076923076923 0.11538461538461539
1 0.22956730769230768 0.5588942307692307 0.05048076923076923 0.06971153846153846
2 0.35096153846153844 0.6382211538461539 0.2776442307692308 0.7163461538461539
1 0.28846153846153844 0.5372596153846154 0.037259615384615384 0.05048076923076923
1 0.4014423076923077 0.5252403846153846 0.040865384615384616 0.055288461538461536
1 0.5036057692307693 0.5408653846153846 0.028846153846153848 0.07451923076923077
1 0.5492788461538461 0.5492788461538461 0.09014423076923077 0.10576923076923077
2 0.6105769230769231 0.5120192307692307 0.027644230769230768 0.09375
2 0.6141826923076923 0.5204326923076923 0.02403846153846154 0.09134615384615384
2 0.6814903846153846 0.5264423076923077 0.03485576923076923 0.11899038461538461