1 0.9483173076923077 0.5721153846153846 0.10096153846153846 0.265625
1 0.13822115384615385 0.5384615384615384 0.037259615384615384 0.03485576923076923
1 0.29447115384615385 0.5288461538461539 0.04447115384615385 0.055288461538461536
1 0.3557692307692308 0.5240384615384616 0.025240384615384616 0.021634615384615384
1 0.38221153846153844 0.5204326923076923 0.03365384615384615 0.040865384615384616
1 0.4338942307692308 0.5324519230769231 0.04927884615384615 0.05048076923076923
1 0.46634615384615385 0.5276442307692307 0.03365384615384615 0.04927884615384615
1 0.46634615384615385 0.5264423076923077 0.027644230769230768 0.052884615384615384
1 0.4855769230769231 0.53125 0.025240384615384616 0.05889423076923077
1 0.5132211538461539 0.5384615384615384 0.052884615384615384 0.07451923076923077
1 0.7139423076923077 0.5048076923076923 0.08173076923076923 0.03365384615384615
1 0.8149038461538461 0.5709134615384616 0.2127403846153846 0.16947115384615385