2 0.9855769230769231 0.5300480769230769 0.025240384615384616 0.21634615384615385
2 0.9591346153846154 0.5612980769230769 0.06490384615384616 0.27524038461538464
1 0.10697115384615384 0.5901442307692307 0.15264423076923078 0.140625
0 0.23557692307692307 0.5673076923076923 0.03365384615384615 0.11177884615384616
1 0.29447115384615385 0.5721153846153846 0.09975961538461539 0.12259615384615384
1 0.38461538461538464 0.5384615384615384 0.027644230769230768 0.04326923076923077
1 0.43990384615384615 0.5709134615384616 0.078125 0.09975961538461539
0 0.5913461538461539 0.5757211538461539 0.05889423076923077 0.25721153846153844
3 0.5757211538461539 0.29927884615384615 0.025240384615384616 0.08774038461538461
2 0.6502403846153846 0.53125 0.021634615384615384 0.07211538461538461
2 0.6850961538461539 0.5348557692307693 0.021634615384615384 0.09735576923076923
2 0.7067307692307693 0.5348557692307693 0.019230769230769232 0.09375
2 0.7367788461538461 0.5372596153846154 0.025240384615384616 0.05889423076923077
2 0.828125 0.5697115384615384 0.046875 0.17427884615384615
2 0.8737980769230769 0.5552884615384616 0.040865384615384616 0.18028846153846154