1 0.054086538461538464 0.53125 0.10697115384615384 0.21875
1 0.0673076923076923 0.4891826923076923 0.09735576923076923 0.08774038461538461
1 0.19591346153846154 0.5360576923076923 0.21634615384615385 0.2692307692307692
1 0.20072115384615385 0.5264423076923077 0.19951923076923078 0.20072115384615385
4 0.25240384615384615 0.34134615384615385 0.02403846153846154 0.06610576923076923
5 0.2536057692307692 0.33533653846153844 0.019230769230769232 0.05048076923076923
1 0.49399038461538464 0.6634615384615384 0.46153846153846156 0.5649038461538461
3 0.30649038461538464 0.34134615384615385 0.019230769230769232 0.052884615384615384
4 0.3870192307692308 0.33774038461538464 0.019230769230769232 0.055288461538461536
3 0.3918269230769231 0.3329326923076923 0.018028846153846152 0.046875
4 0.44591346153846156 0.3425480769230769 0.03365384615384615 0.07572115384615384
6 0.44591346153846156 0.34134615384615385 0.018028846153846152 0.04927884615384615
4 0.5697115384615384 0.41466346153846156 0.018028846153846152 0.06009615384615385
6 0.5721153846153846 0.40625 0.018028846153846152 0.04447115384615385
1 0.8365384615384616 0.4831730769230769 0.140625 0.09014423076923077