1 0.9615384615384616 0.7319711538461539 0.07451923076923077 0.359375
2 0.9182692307692307 0.47716346153846156 0.015625 0.08052884615384616
1 0.20192307692307693 0.49759615384615385 0.13701923076923078 0.140625
6 0.18509615384615385 0.3173076923076923 0.052884615384615384 0.13822115384615385
1 0.4110576923076923 0.5024038461538461 0.07572115384615384 0.08052884615384616
1 0.5432692307692307 0.4855769230769231 0.07451923076923077 0.06490384615384616
7 0.5709134615384616 0.07091346153846154 0.02403846153846154 0.055288461538461536
6 0.5757211538461539 0.36177884615384615 0.015625 0.046875
6 0.6574519230769231 0.3557692307692308 0.015625 0.038461538461538464
6 0.7247596153846154 0.40384615384615385 0.013221153846153846 0.027644230769230768
6 0.7572115384615384 0.1310096153846154 0.021634615384615384 0.0625