1 0.08533653846153846 0.6057692307692307 0.16947115384615385 0.23677884615384615
1 0.15384615384615385 0.5625 0.038461538461538464 0.09134615384615384
1 0.20192307692307693 0.5384615384615384 0.078125 0.10096153846153846
1 0.20432692307692307 0.5420673076923077 0.078125 0.08774038461538461
1 0.2608173076923077 0.5384615384615384 0.05048076923076923 0.055288461538461536
1 0.2620192307692308 0.5324519230769231 0.05048076923076923 0.07211538461538461
1 0.2956730769230769 0.5252403846153846 0.040865384615384616 0.04326923076923077
1 0.3233173076923077 0.5180288461538461 0.027644230769230768 0.04326923076923077
1 0.3425480769230769 0.5144230769230769 0.028846153846153848 0.04447115384615385
1 0.39302884615384615 0.5084134615384616 0.025240384615384616 0.028846153846153848
1 0.4891826923076923 0.5240384615384616 0.04447115384615385 0.09615384615384616
1 0.5216346153846154 0.5432692307692307 0.052884615384615384 0.1346153846153846
1 0.5204326923076923 0.5480769230769231 0.04927884615384615 0.12860576923076922
1 0.5829326923076923 0.5649038461538461 0.11298076923076923 0.16947115384615385
1 0.5913461538461539 0.5649038461538461 0.12259615384615384 0.16826923076923078
1 0.7247596153846154 0.6105769230769231 0.26322115384615385 0.2536057692307692