1 0.0889423076923077 0.5288461538461539 0.09014423076923077 0.04927884615384615
5 0.09975961538461539 0.43028846153846156 0.009615384615384616 0.03485576923076923
1 0.2848557692307692 0.5228365384615384 0.07572115384615384 0.055288461538461536
0 0.3798076923076923 0.5108173076923077 0.03365384615384615 0.04447115384615385
0 0.37740384615384615 0.5072115384615384 0.018028846153846152 0.04326923076923077
1 0.4050480769230769 0.5372596153846154 0.0625 0.06490384615384616
5 0.39903846153846156 0.36538461538461536 0.013221153846153846 0.037259615384615384
5 0.39903846153846156 0.3629807692307692 0.01201923076923077 0.03365384615384615
3 0.4675480769230769 0.42427884615384615 0.013221153846153846 0.04326923076923077
3 0.46875 0.42908653846153844 0.013221153846153846 0.03485576923076923
4 0.5649038461538461 0.39783653846153844 0.019230769230769232 0.0625
4 0.5637019230769231 0.39783653846153844 0.018028846153846152 0.05889423076923077