1 0.04567307692307692 0.640625 0.09134615384615384 0.21153846153846154
1 0.25600961538461536 0.5600961538461539 0.078125 0.10576923076923077
1 0.3016826923076923 0.5516826923076923 0.04927884615384615 0.06610576923076923
1 0.3076923076923077 0.5492788461538461 0.05048076923076923 0.06610576923076923
1 0.33413461538461536 0.5324519230769231 0.037259615384615384 0.055288461538461536
1 0.3641826923076923 0.5384615384615384 0.028846153846153848 0.040865384615384616
1 0.3858173076923077 0.5372596153846154 0.021634615384615384 0.027644230769230768
1 0.39903846153846156 0.5372596153846154 0.018028846153846152 0.027644230769230768
1 0.45552884615384615 0.53125 0.04326923076923077 0.06009615384615385
1 0.6490384615384616 0.5024038461538461 0.140625 0.09735576923076923
1 0.8052884615384616 0.5288461538461539 0.2439903846153846 0.12740384615384615