1 0.04567307692307692 0.5444711538461539 0.09134615384615384 0.16826923076923078
1 0.1935096153846154 0.5360576923076923 0.20072115384615385 0.23197115384615385
7 0.25 0.33774038461538464 0.018028846153846152 0.046875
6 0.2536057692307692 0.3317307692307692 0.019230769230769232 0.028846153846153848
1 0.4855769230769231 0.6502403846153846 0.39903846153846156 0.4723557692307692
7 0.3076923076923077 0.3317307692307692 0.019230769230769232 0.05048076923076923
1 0.31850961538461536 0.49399038461538464 0.038461538461538464 0.040865384615384616
6 0.31009615384615385 0.32572115384615385 0.019230769230769232 0.028846153846153848
6 0.390625 0.33653846153846156 0.013221153846153846 0.04447115384615385
6 0.4495192307692308 0.33533653846153844 0.021634615384615384 0.046875
6 0.5697115384615384 0.39302884615384615 0.019230769230769232 0.03485576923076923
1 0.8112980769230769 0.48677884615384615 0.08052884615384616 0.078125
1 0.8341346153846154 0.484375 0.11899038461538461 0.06490384615384616
1 0.9122596153846154 0.4963942307692308 0.12139423076923077 0.10576923076923077