2 0.04447115384615385 0.5625 0.02403846153846154 0.08774038461538461
2 0.18990384615384615 0.5709134615384616 0.025240384615384616 0.15264423076923078
6 0.2091346153846154 0.43509615384615385 0.018028846153846152 0.052884615384615384
2 0.24158653846153846 0.5564903846153846 0.027644230769230768 0.15384615384615385
2 0.24278846153846154 0.5600961538461539 0.027644230769230768 0.14302884615384615
2 0.27524038461538464 0.5649038461538461 0.028846153846153848 0.13701923076923078
2 0.29447115384615385 0.5612980769230769 0.015625 0.13701923076923078
2 0.29927884615384615 0.5649038461538461 0.019230769230769232 0.14302884615384615
2 0.31850961538461536 0.5564903846153846 0.02403846153846154 0.1502403846153846
2 0.40865384615384615 0.5336538461538461 0.037259615384615384 0.08774038461538461
2 0.4098557692307692 0.5336538461538461 0.018028846153846152 0.07572115384615384
2 0.4230769230769231 0.5372596153846154 0.015625 0.0625
2 0.43509615384615385 0.53125 0.018028846153846152 0.07451923076923077
2 0.4795673076923077 0.5492788461538461 0.04326923076923077 0.14302884615384615
2 0.4735576923076923 0.5432692307692307 0.019230769230769232 0.140625
2 0.4723557692307692 0.5216346153846154 0.018028846153846152 0.09375
1 0.4963942307692308 0.5228365384615384 0.055288461538461536 0.0625
1 0.5012019230769231 0.5300480769230769 0.04447115384615385 0.056490384615384616
6 0.5588942307692307 0.41466346153846156 0.018028846153846152 0.056490384615384616
2 0.5661057692307693 0.5180288461538461 0.01201923076923077 0.0625
1 0.6899038461538461 0.5757211538461539 0.16947115384615385 0.21153846153846154
2 0.6262019230769231 0.515625 0.025240384615384616 0.06850961538461539
2 0.6526442307692307 0.49158653846153844 0.03485576923076923 0.046875
2 0.6478365384615384 0.49278846153846156 0.01201923076923077 0.02403846153846154
1 0.8341346153846154 0.6899038461538461 0.3245192307692308 0.49399038461538464
2 0.7475961538461539 0.45072115384615385 0.027644230769230768 0.0625
2 0.7800480769230769 0.46033653846153844 0.02403846153846154 0.052884615384615384