1 0.140625 0.5528846153846154 0.2620192307692308 0.15264423076923078
1 0.15384615384615385 0.5625 0.25721153846153844 0.19110576923076922
1 0.27403846153846156 0.5444711538461539 0.05889423076923077 0.11177884615384616
1 0.28846153846153844 0.5444711538461539 0.04326923076923077 0.10697115384615384
1 0.32572115384615385 0.5240384615384616 0.06610576923076923 0.11177884615384616
1 0.35336538461538464 0.5180288461538461 0.052884615384615384 0.10336538461538461
1 0.36177884615384615 0.5180288461538461 0.056490384615384616 0.10697115384615384
1 0.4362980769230769 0.5108173076923077 0.037259615384615384 0.04927884615384615
1 0.6153846153846154 0.5108173076923077 0.040865384615384616 0.06490384615384616
1 0.6502403846153846 0.5252403846153846 0.04927884615384615 0.125
1 0.7127403846153846 0.5300480769230769 0.11778846153846154 0.16947115384615385
1 0.7235576923076923 0.53125 0.11177884615384616 0.15625
1 0.8725961538461539 0.5420673076923077 0.2536057692307692 0.2536057692307692
1 0.8725961538461539 0.5540865384615384 0.2439903846153846 0.27524038461538464