1 0.030048076923076924 0.5180288461538461 0.05889423076923077 0.10096153846153846
1 0.8774038461538461 0.6225961538461539 0.24278846153846154 0.33052884615384615
1 0.2644230769230769 0.5072115384615384 0.056490384615384616 0.056490384615384616
1 0.2668269230769231 0.5108173076923077 0.04326923076923077 0.040865384615384616
1 0.36658653846153844 0.49278846153846156 0.03125 0.04326923076923077
1 0.3954326923076923 0.4879807692307692 0.03365384615384615 0.046875
1 0.45552884615384615 0.4879807692307692 0.03365384615384615 0.046875
6 0.4519230769230769 0.4230769230769231 0.013221153846153846 0.027644230769230768
4 0.4855769230769231 0.4230769230769231 0.013221153846153846 0.027644230769230768
4 0.5396634615384616 0.4579326923076923 0.015625 0.02403846153846154
4 0.5528846153846154 0.453125 0.01201923076923077 0.027644230769230768
1 0.5805288461538461 0.49278846153846156 0.05889423076923077 0.05889423076923077