1 0.036057692307692304 0.5685096153846154 0.07211538461538461 0.17548076923076922
2 0.11298076923076923 0.5360576923076923 0.013221153846153846 0.06850961538461539
2 0.12620192307692307 0.5228365384615384 0.027644230769230768 0.06850961538461539
2 0.12620192307692307 0.5288461538461539 0.015625 0.08173076923076923
6 0.3076923076923077 0.4567307692307692 0.021634615384615384 0.05048076923076923
6 0.3112980769230769 0.45913461538461536 0.015625 0.04447115384615385
1 0.5444711538461539 0.5372596153846154 0.08413461538461539 0.109375
6 0.5552884615384616 0.43990384615384615 0.018028846153846152 0.04326923076923077
6 0.5540865384615384 0.4423076923076923 0.01201923076923077 0.03485576923076923
6 0.6634615384615384 0.44471153846153844 0.01201923076923077 0.03485576923076923
1 0.8882211538461539 0.5733173076923077 0.18389423076923078 0.17427884615384615