5 0.7608173076923077 0.30649038461538464 0.028846153846153848 0.09014423076923077
1 0.9831730769230769 0.5132211538461539 0.03125 0.06009615384615385
1 0.9290865384615384 0.5012019230769231 0.03365384615384615 0.040865384615384616
1 0.8918269230769231 0.48677884615384615 0.03125 0.037259615384615384
1 0.8497596153846154 0.5 0.038461538461538464 0.04326923076923077
1 0.2283653846153846 0.5492788461538461 0.14302884615384615 0.12259615384615384
1 0.34134615384615385 0.5348557692307693 0.0625 0.08413461538461539
10 0.46153846153846156 0.4891826923076923 0.2283653846153846 0.203125
1 0.5180288461538461 0.5264423076923077 0.12860576923076922 0.1466346153846154
1 0.5901442307692307 0.5144230769230769 0.06610576923076923 0.09975961538461539
1 0.6346153846153846 0.5132211538461539 0.06971153846153846 0.09615384615384616