1 0.20552884615384615 0.5228365384615384 0.0625 0.04927884615384615
1 0.21153846153846154 0.5252403846153846 0.0625 0.06009615384615385
1 0.2800480769230769 0.5132211538461539 0.03485576923076923 0.055288461538461536
1 0.36538461538461536 0.5168269230769231 0.0625 0.08413461538461539
1 0.45552884615384615 0.5444711538461539 0.10576923076923077 0.1310096153846154
1 0.41586538461538464 0.5048076923076923 0.027644230769230768 0.055288461538461536
1 0.45913461538461536 0.44471153846153844 0.08173076923076923 0.078125
10 0.45552884615384615 0.453125 0.07451923076923077 0.10336538461538461
4 0.47115384615384615 0.38822115384615385 0.025240384615384616 0.04447115384615385
1 0.5216346153846154 0.5132211538461539 0.078125 0.07451923076923077
4 0.5661057692307693 0.4182692307692308 0.021634615384615384 0.04927884615384615
1 0.7632211538461539 0.5084134615384616 0.05048076923076923 0.04927884615384615