1 0.18509615384615385 0.6322115384615384 0.36899038461538464 0.625
1 0.39903846153846156 0.5805288461538461 0.13221153846153846 0.22235576923076922
7 0.34615384615384615 0.43509615384615385 0.019230769230769232 0.06009615384615385
6 0.47475961538461536 0.3557692307692308 0.015625 0.052884615384615384
1 0.5108173076923077 0.5372596153846154 0.03125 0.040865384615384616
6 0.5240384615384616 0.42908653846153844 0.018028846153846152 0.052884615384615384
1 0.7331730769230769 0.53125 0.15985576923076922 0.09975961538461539
6 0.7055288461538461 0.31850961538461536 0.04326923076923077 0.12139423076923077
1 0.9026442307692307 0.5336538461538461 0.11177884615384616 0.11177884615384616
1 0.8689903846153846 0.5540865384615384 0.04326923076923077 0.06971153846153846
1 0.9399038461538461 0.5432692307692307 0.109375 0.11177884615384616
1 0.9266826923076923 0.5504807692307693 0.06610576923076923 0.08653846153846154
1 0.9735576923076923 0.5336538461538461 0.05048076923076923 0.10576923076923077