1 0.01201923076923077 0.5913461538461539 0.02403846153846154 0.13221153846153846
10 0.07932692307692307 0.4831730769230769 0.109375 0.05048076923076923
1 0.09375 0.5757211538461539 0.140625 0.18028846153846154
1 0.2848557692307692 0.5817307692307693 0.3245192307692308 0.4182692307692308
3 0.31850961538461536 0.3269230769230769 0.019230769230769232 0.046875
6 0.41466346153846156 0.32091346153846156 0.015625 0.040865384615384616
6 0.49278846153846156 0.32572115384615385 0.015625 0.046875
1 0.7475961538461539 0.5757211538461539 0.21875 0.203125
6 0.6814903846153846 0.4182692307692308 0.02403846153846154 0.0625
6 0.6802884615384616 0.41466346153846156 0.015625 0.04326923076923077
6 0.9266826923076923 0.2403846153846154 0.040865384615384616 0.12259615384615384
2 0.9735576923076923 0.5384615384615384 0.03485576923076923 0.11899038461538461