1 0.13822115384615385 0.5661057692307693 0.12139423076923077 0.11778846153846154
1 0.13822115384615385 0.5637019230769231 0.11778846153846154 0.12259615384615384
1 0.2127403846153846 0.546875 0.03485576923076923 0.056490384615384616
1 0.2764423076923077 0.5348557692307693 0.056490384615384616 0.056490384615384616
10 0.3401442307692308 0.5024038461538461 0.056490384615384616 0.08653846153846154
1 0.39302884615384615 0.5240384615384616 0.025240384615384616 0.03125
1 0.5348557692307693 0.6081730769230769 0.2620192307692308 0.3245192307692308
1 0.42427884615384615 0.5264423076923077 0.038461538461538464 0.05048076923076923
10 0.4338942307692308 0.5 0.05048076923076923 0.038461538461538464
6 0.44591346153846156 0.43509615384615385 0.01201923076923077 0.028846153846153848
2 0.7163461538461539 0.5024038461538461 0.018028846153846152 0.0625