1 0.21634615384615385 0.49759615384615385 0.055288461538461536 0.056490384615384616
1 0.3245192307692308 0.4879807692307692 0.03365384615384615 0.028846153846153848
1 0.35697115384615385 0.49158653846153844 0.05889423076923077 0.06850961538461539
3 0.38461538461538464 0.36538461538461536 0.018028846153846152 0.037259615384615384
4 0.44591346153846156 0.37259615384615385 0.01201923076923077 0.03485576923076923
4 0.45072115384615385 0.3701923076923077 0.013221153846153846 0.037259615384615384
1 0.49759615384615385 0.5084134615384616 0.07572115384615384 0.09735576923076923
4 0.49759615384615385 0.37259615384615385 0.015625 0.03365384615384615
4 0.49759615384615385 0.3737980769230769 0.01201923076923077 0.03485576923076923
4 0.6189903846153846 0.4362980769230769 0.013221153846153846 0.028846153846153848
4 0.6189903846153846 0.4362980769230769 0.01201923076923077 0.03365384615384615
4 0.6730769230769231 0.4050480769230769 0.019230769230769232 0.046875
4 0.6778846153846154 0.41225961538461536 0.01201923076923077 0.038461538461538464
1 0.7668269230769231 0.5024038461538461 0.1346153846153846 0.1310096153846154
1 0.7644230769230769 0.49399038461538464 0.125 0.12139423076923077