1 0.025240384615384616 0.5925480769230769 0.05048076923076923 0.1346153846153846
1 0.14543269230769232 0.5588942307692307 0.11899038461538461 0.12740384615384615
1 0.21514423076923078 0.5516826923076923 0.04326923076923077 0.07572115384615384
1 0.2091346153846154 0.5516826923076923 0.028846153846153848 0.08052884615384616
1 0.24759615384615385 0.5540865384615384 0.04447115384615385 0.06850961538461539
1 0.34134615384615385 0.5372596153846154 0.06850961538461539 0.09615384615384616
1 0.421875 0.5276442307692307 0.04326923076923077 0.0625
1 0.5180288461538461 0.5420673076923077 0.04326923076923077 0.09615384615384616
1 0.5180288461538461 0.5336538461538461 0.038461538461538464 0.08774038461538461
1 0.5685096153846154 0.5372596153846154 0.08413461538461539 0.12139423076923077
1 0.6826923076923077 0.4963942307692308 0.04927884615384615 0.055288461538461536
1 0.7680288461538461 0.4951923076923077 0.109375 0.1466346153846154
1 0.7680288461538461 0.4879807692307692 0.09735576923076923 0.07572115384615384
1 0.8461538461538461 0.48197115384615385 0.07211538461538461 0.06850961538461539