2 0.028846153846153848 0.6021634615384616 0.056490384615384616 0.3557692307692308
2 0.04567307692307692 0.5540865384615384 0.05048076923076923 0.1310096153846154
2 0.057692307692307696 0.5492788461538461 0.037259615384615384 0.13221153846153846
2 0.0673076923076923 0.5588942307692307 0.019230769230769232 0.09975961538461539
1 0.16826923076923078 0.5384615384615384 0.06610576923076923 0.08413461538461539
1 0.16826923076923078 0.5372596153846154 0.05889423076923077 0.06850961538461539
1 0.20552884615384615 0.5204326923076923 0.03125 0.07211538461538461
1 0.25240384615384615 0.5180288461538461 0.06009615384615385 0.08774038461538461
1 0.25240384615384615 0.5192307692307693 0.046875 0.08052884615384616
2 0.31009615384615385 0.6009615384615384 0.05889423076923077 0.5072115384615384
1 0.40384615384615385 0.5180288461538461 0.20072115384615385 0.12259615384615384
2 0.41346153846153844 0.6105769230769231 0.07572115384615384 0.5444711538461539
2 0.4879807692307692 0.5961538461538461 0.07451923076923077 0.47836538461538464
2 0.5204326923076923 0.5877403846153846 0.1310096153846154 0.48677884615384615
6 0.5264423076923077 0.34615384615384615 0.028846153846153848 0.08173076923076923
2 0.6911057692307693 0.5961538461538461 0.078125 0.44471153846153844
1 0.8521634615384616 0.5180288461538461 0.25721153846153844 0.140625
2 0.8557692307692307 0.5757211538461539 0.09615384615384616 0.49759615384615385