1 0.12259615384615384 0.5384615384615384 0.07211538461538461 0.07572115384615384
2 0.15865384615384615 0.5360576923076923 0.021634615384615384 0.08173076923076923
2 0.15865384615384615 0.5408653846153846 0.019230769230769232 0.08173076923076923
1 0.33052884615384615 0.6526442307692307 0.3317307692307692 0.4182692307692308
7 0.2800480769230769 0.2764423076923077 0.019230769230769232 0.0625
6 0.3894230769230769 0.2860576923076923 0.019230769230769232 0.07211538461538461
2 0.5144230769230769 0.5192307692307693 0.021634615384615384 0.0625
2 0.5180288461538461 0.5228365384615384 0.018028846153846152 0.05889423076923077
2 0.5336538461538461 0.5180288461538461 0.018028846153846152 0.0625
2 0.5336538461538461 0.5192307692307693 0.015625 0.06971153846153846
6 0.5637019230769231 0.40865384615384615 0.021634615384615384 0.0625
2 0.6069711538461539 0.515625 0.02403846153846154 0.078125
2 0.6310096153846154 0.4855769230769231 0.018028846153846152 0.040865384615384616
0 0.6586538461538461 0.5264423076923077 0.025240384615384616 0.09014423076923077
1 0.7920673076923077 0.5300480769230769 0.15865384615384615 0.09375