0 0.49038461538461536 0.5276442307692307 0.04927884615384615 0.08774038461538461
2 0.5456730769230769 0.5276442307692307 0.015625 0.07211538461538461
1 0.12139423076923077 0.5396634615384616 0.078125 0.06971153846153846
1 0.33052884615384615 0.6538461538461539 0.32572115384615385 0.4098557692307692
7 0.2800480769230769 0.2764423076923077 0.019230769230769232 0.06009615384615385
6 0.390625 0.28725961538461536 0.018028846153846152 0.06850961538461539
2 0.5120192307692307 0.53125 0.028846153846153848 0.09375
6 0.5637019230769231 0.40865384615384615 0.019230769230769232 0.06490384615384616
2 0.5649038461538461 0.5240384615384616 0.021634615384615384 0.08173076923076923
2 0.5661057692307693 0.5240384615384616 0.018028846153846152 0.08052884615384616
0 0.6598557692307693 0.5276442307692307 0.037259615384615384 0.09134615384615384
2 0.9314903846153846 0.5709134615384616 0.08413461538461539 0.265625