2 0.6658653846153846 0.4807692307692308 0.025240384615384616 0.056490384615384616
6 0.04927884615384615 0.4495192307692308 0.019230769230769232 0.040865384615384616
1 0.09615384615384616 0.5192307692307693 0.07211538461538461 0.0625
1 0.14302884615384615 0.5048076923076923 0.03485576923076923 0.05048076923076923
6 0.18269230769230768 0.36658653846153844 0.019230769230769232 0.037259615384615384
7 0.18509615384615385 0.36658653846153844 0.019230769230769232 0.04326923076923077
1 0.22235576923076922 0.49759615384615385 0.038461538461538464 0.052884615384615384
6 0.2439903846153846 0.3713942307692308 0.019230769230769232 0.038461538461538464
6 0.24639423076923078 0.36778846153846156 0.019230769230769232 0.03365384615384615
1 0.27283653846153844 0.5024038461538461 0.05889423076923077 0.07572115384615384
1 0.2764423076923077 0.5 0.0625 0.0625
6 0.32572115384615385 0.4387019230769231 0.013221153846153846 0.05048076923076923
6 0.328125 0.42908653846153844 0.013221153846153846 0.028846153846153848
1 0.35697115384615385 0.49278846153846156 0.040865384615384616 0.09615384615384616
1 0.42427884615384615 0.5048076923076923 0.15865384615384615 0.23076923076923078
6 0.5096153846153846 0.3870192307692308 0.03365384615384615 0.06009615384615385
1 0.5432692307692307 0.5144230769230769 0.09735576923076923 0.11538461538461539
1 0.65625 0.5504807692307693 0.11177884615384616 0.15865384615384615
1 0.8509615384615384 0.5384615384615384 0.29086538461538464 0.28846153846153844
1 0.8389423076923077 0.5516826923076923 0.2620192307692308 0.34975961538461536