1 0.31009615384615385 0.49278846153846156 0.06009615384615385 0.06009615384615385
2 0.33052884615384615 0.49759615384615385 0.013221153846153846 0.06009615384615385
0 0.04807692307692308 0.5228365384615384 0.038461538461538464 0.07211538461538461
0 0.04807692307692308 0.5252403846153846 0.028846153846153848 0.06009615384615385
1 0.1935096153846154 0.5036057692307693 0.19110576923076922 0.109375
7 0.21033653846153846 0.4206730769230769 0.013221153846153846 0.04326923076923077
7 0.21394230769230768 0.41947115384615385 0.019230769230769232 0.04447115384615385
2 0.23317307692307693 0.5084134615384616 0.021634615384615384 0.06610576923076923
2 0.4098557692307692 0.5240384615384616 0.0625 0.20552884615384615
10 0.43509615384615385 0.4567307692307692 0.07211538461538461 0.12139423076923077
2 0.47596153846153844 0.5336538461538461 0.056490384615384616 0.1935096153846154
2 0.5204326923076923 0.5228365384615384 0.040865384615384616 0.2283653846153846
7 0.5384615384615384 0.33052884615384615 0.018028846153846152 0.055288461538461536
6 0.5997596153846154 0.33533653846153844 0.018028846153846152 0.056490384615384616
1 0.6694711538461539 0.5060096153846154 0.08052884615384616 0.055288461538461536
6 0.7163461538461539 0.4074519230769231 0.018028846153846152 0.055288461538461536
1 0.8461538461538461 0.5072115384615384 0.11298076923076923 0.06610576923076923
2 0.8473557692307693 0.546875 0.05889423076923077 0.21153846153846154