1 0.19471153846153846 0.5084134615384616 0.109375 0.10576923076923077
1 0.1971153846153846 0.5048076923076923 0.10576923076923077 0.07451923076923077
1 0.3016826923076923 0.49759615384615385 0.08173076923076923 0.07451923076923077
1 0.30288461538461536 0.49278846153846156 0.05889423076923077 0.06610576923076923
1 0.3713942307692308 0.47596153846153844 0.04326923076923077 0.08173076923076923
1 0.46153846153846156 0.484375 0.05048076923076923 0.07451923076923077
1 0.46634615384615385 0.4795673076923077 0.038461538461538464 0.05048076923076923
1 0.5240384615384616 0.515625 0.09014423076923077 0.12860576923076922
1 0.6177884615384616 0.484375 0.055288461538461536 0.08173076923076923
1 0.6189903846153846 0.484375 0.04927884615384615 0.07451923076923077
1 0.6862980769230769 0.5012019230769231 0.10336538461538461 0.12139423076923077