1 0.07091346153846154 0.5612980769230769 0.055288461538461536 0.052884615384615384
1 0.0733173076923077 0.5649038461538461 0.04326923076923077 0.038461538461538464
1 0.12740384615384615 0.5540865384615384 0.046875 0.04447115384615385
1 0.23197115384615385 0.5456730769230769 0.14903846153846154 0.16826923076923078
1 0.3798076923076923 0.53125 0.040865384615384616 0.06490384615384616
1 0.42908653846153844 0.5288461538461539 0.04927884615384615 0.07211538461538461
1 0.47115384615384615 0.5180288461538461 0.040865384615384616 0.07451923076923077
1 0.4723557692307692 0.5144230769230769 0.028846153846153848 0.046875
1 0.5913461538461539 0.5697115384615384 0.1622596153846154 0.1814903846153846
10 0.6814903846153846 0.5276442307692307 0.07572115384615384 0.04927884615384615
1 0.7163461538461539 0.5288461538461539 0.09375 0.0625
2 0.8425480769230769 0.5348557692307693 0.037259615384615384 0.140625
2 0.8533653846153846 0.5252403846153846 0.027644230769230768 0.15985576923076922
2 0.8533653846153846 0.5192307692307693 0.018028846153846152 0.15384615384615385