2 0.12259615384615384 0.5108173076923077 0.025240384615384616 0.055288461538461536
2 0.12259615384615384 0.5108173076923077 0.02403846153846154 0.052884615384615384
2 0.20432692307692307 0.5865384615384616 0.06610576923076923 0.2692307692307692
2 0.25961538461538464 0.5721153846153846 0.056490384615384616 0.24278846153846154
2 0.2620192307692308 0.5721153846153846 0.046875 0.23677884615384615
2 0.3293269230769231 0.5625 0.06610576923076923 0.265625
2 0.36778846153846156 0.5769230769230769 0.04447115384615385 0.2247596153846154
1 0.43028846153846156 0.5492788461538461 0.13701923076923078 0.1658653846153846
1 0.4963942307692308 0.5060096153846154 0.038461538461538464 0.06610576923076923
2 0.49759615384615385 0.5252403846153846 0.027644230769230768 0.12740384615384615
1 0.5709134615384616 0.49759615384615385 0.13822115384615385 0.08413461538461539
1 0.6382211538461539 0.49759615384615385 0.09975961538461539 0.07572115384615384
1 0.6838942307692307 0.49399038461538464 0.10576923076923077 0.078125
1 0.7079326923076923 0.49038461538461536 0.052884615384615384 0.078125