1 0.020432692307692308 0.5853365384615384 0.038461538461538464 0.17427884615384615
2 0.09014423076923077 0.5084134615384616 0.019230769230769232 0.046875
1 0.2608173076923077 0.53125 0.06610576923076923 0.08173076923076923
1 0.26322115384615385 0.5252403846153846 0.07211538461538461 0.08653846153846154
4 0.28966346153846156 0.43990384615384615 0.015625 0.040865384615384616
1 0.37740384615384615 0.5552884615384616 0.12740384615384615 0.16346153846153846
1 0.4411057692307692 0.5192307692307693 0.04927884615384615 0.09975961538461539
1 0.48197115384615385 0.5096153846153846 0.03485576923076923 0.06610576923076923
4 0.4879807692307692 0.42427884615384615 0.018028846153846152 0.04326923076923077
4 0.4879807692307692 0.4254807692307692 0.018028846153846152 0.038461538461538464
2 0.5012019230769231 0.515625 0.019230769230769232 0.08173076923076923
2 0.5060096153846154 0.5144230769230769 0.013221153846153846 0.08653846153846154
1 0.59375 0.5228365384615384 0.11177884615384616 0.1346153846153846
1 0.7584134615384616 0.5432692307692307 0.21514423076923078 0.18389423076923078