10 0.06129807692307692 0.4807692307692308 0.12259615384615384 0.1875
1 0.12139423076923077 0.5649038461538461 0.109375 0.11538461538461539
10 0.18028846153846154 0.5084134615384616 0.13701923076923078 0.17427884615384615
1 0.18509615384615385 0.49038461538461536 0.1346153846153846 0.11298076923076923
1 0.32572115384615385 0.5985576923076923 0.20552884615384615 0.25721153846153844
1 0.40024038461538464 0.5072115384615384 0.12259615384615384 0.1875
10 0.40865384615384615 0.5240384615384616 0.10697115384615384 0.18028846153846154
1 0.5120192307692307 0.5396634615384616 0.0625 0.06610576923076923
1 0.5853365384615384 0.5336538461538461 0.10336538461538461 0.14423076923076922
1 0.6586538461538461 0.5600961538461539 0.16826923076923078 0.1658653846153846
1 0.7512019230769231 0.47716346153846156 0.09615384615384616 0.18509615384615385
10 0.7608173076923077 0.5 0.10096153846153846 0.18028846153846154