2 0.0733173076923077 0.49759615384615385 0.021634615384615384 0.078125
6 0.09014423076923077 0.3137019230769231 0.02403846153846154 0.08413461538461539
1 0.4795673076923077 0.49038461538461536 0.025240384615384616 0.040865384615384616
1 0.5444711538461539 0.4951923076923077 0.040865384615384616 0.08052884615384616
1 0.5384615384615384 0.49278846153846156 0.018028846153846152 0.056490384615384616
1 0.5745192307692307 0.5180288461538461 0.046875 0.078125
1 0.5709134615384616 0.5024038461538461 0.037259615384615384 0.046875
1 0.6117788461538461 0.5084134615384616 0.06610576923076923 0.07572115384615384
6 0.6165865384615384 0.27884615384615385 0.025240384615384616 0.08774038461538461
2 0.6225961538461539 0.5240384615384616 0.028846153846153848 0.10096153846153846
2 0.9170673076923077 0.4855769230769231 0.03485576923076923 0.15625
2 0.9314903846153846 0.4987980769230769 0.038461538461538464 0.15625