1 0.22115384615384615 0.5384615384615384 0.052884615384615384 0.06009615384615385
1 0.22355769230769232 0.5372596153846154 0.04447115384615385 0.056490384615384616
1 0.3545673076923077 0.5564903846153846 0.07572115384615384 0.08413461538461539
4 0.41466346153846156 0.40024038461538464 0.009615384615384616 0.03125
4 0.4170673076923077 0.39903846153846156 0.009615384615384616 0.03125
1 0.45072115384615385 0.5480769230769231 0.05889423076923077 0.08653846153846154
4 0.47115384615384615 0.40625 0.009615384615384616 0.027644230769230768
4 0.47115384615384615 0.41225961538461536 0.009615384615384616 0.02403846153846154
4 0.5264423076923077 0.47115384615384615 0.01201923076923077 0.028846153846153848
3 0.5288461538461539 0.4699519230769231 0.009615384615384616 0.037259615384615384
4 0.5444711538461539 0.4519230769230769 0.009615384615384616 0.03485576923076923
4 0.5456730769230769 0.453125 0.009615384615384616 0.03365384615384615
2 0.5709134615384616 0.5420673076923077 0.013221153846153846 0.08653846153846154
2 0.5805288461538461 0.5408653846153846 0.018028846153846152 0.08653846153846154
2 0.5865384615384616 0.5432692307692307 0.009615384615384616 0.09134615384615384
2 0.6009615384615384 0.5384615384615384 0.018028846153846152 0.08413461538461539
2 0.6009615384615384 0.5372596153846154 0.01201923076923077 0.08653846153846154
2 0.6177884615384616 0.5288461538461539 0.019230769230769232 0.08653846153846154
2 0.6201923076923077 0.5324519230769231 0.009615384615384616 0.08173076923076923