1 0.028846153846153848 0.5793269230769231 0.055288461538461536 0.1658653846153846
1 0.20793269230769232 0.5600961538461539 0.07572115384615384 0.08052884615384616
1 0.21634615384615385 0.5552884615384616 0.08052884615384616 0.078125
1 0.31490384615384615 0.5372596153846154 0.04326923076923077 0.052884615384615384
1 0.4375 0.5336538461538461 0.04326923076923077 0.04447115384615385
1 0.4987980769230769 0.5336538461538461 0.03485576923076923 0.046875
1 0.5252403846153846 0.5372596153846154 0.04447115384615385 0.06610576923076923
1 0.5865384615384616 0.5456730769230769 0.09014423076923077 0.13221153846153846
1 0.5913461538461539 0.5432692307692307 0.09134615384615384 0.125
1 0.6814903846153846 0.5661057692307693 0.17427884615384615 0.21153846153846154
1 0.6802884615384616 0.5576923076923077 0.1622596153846154 0.203125