1 0.021634615384615384 0.5793269230769231 0.04326923076923077 0.1346153846153846
1 0.02403846153846154 0.5709134615384616 0.03485576923076923 0.18389423076923078
1 0.09134615384615384 0.5805288461538461 0.12860576923076922 0.17548076923076922
10 0.08413461538461539 0.4855769230769231 0.11177884615384616 0.08052884615384616
1 0.2848557692307692 0.5901442307692307 0.328125 0.41947115384615385
3 0.3173076923076923 0.328125 0.018028846153846152 0.055288461538461536
6 0.41346153846153844 0.32572115384615385 0.019230769230769232 0.04927884615384615
1 0.4651442307692308 0.5180288461538461 0.04927884615384615 0.055288461538461536
1 0.49759615384615385 0.5336538461538461 0.09615384615384616 0.08052884615384616
6 0.49158653846153844 0.3269230769230769 0.019230769230769232 0.056490384615384616
2 0.6117788461538461 0.5180288461538461 0.015625 0.040865384615384616
1 0.6911057692307693 0.5637019230769231 0.1466346153846154 0.16947115384615385
6 0.6790865384615384 0.4170673076923077 0.018028846153846152 0.046875
10 0.7980769230769231 0.4807692307692308 0.08413461538461539 0.11538461538461539
1 0.8774038461538461 0.48197115384615385 0.234375 0.16346153846153846
1 0.8930288461538461 0.7151442307692307 0.20552884615384615 0.5600961538461539
6 0.9302884615384616 0.25600961538461536 0.05048076923076923 0.15625