10 0.09134615384615384 0.49278846153846156 0.17427884615384615 0.21514423076923078
1 0.18028846153846154 0.5120192307692307 0.02403846153846154 0.06009615384615385
10 0.2403846153846154 0.4951923076923077 0.056490384615384616 0.09375
1 0.24278846153846154 0.49759615384615385 0.05889423076923077 0.09134615384615384
7 0.3088942307692308 0.4254807692307692 0.018028846153846152 0.05048076923076923
5 0.31009615384615385 0.421875 0.018028846153846152 0.05048076923076923
1 0.34615384615384615 0.4807692307692308 0.019230769230769232 0.04927884615384615
1 0.3762019230769231 0.49759615384615385 0.052884615384615384 0.08653846153846154
1 0.3762019230769231 0.4567307692307692 0.027644230769230768 0.021634615384615384
1 0.38461538461538464 0.4519230769230769 0.018028846153846152 0.02403846153846154
1 0.4110576923076923 0.4807692307692308 0.03365384615384615 0.04927884615384615
1 0.46033653846153844 0.5060096153846154 0.078125 0.125
1 0.48677884615384615 0.4651442307692308 0.021634615384615384 0.02403846153846154
1 0.5192307692307693 0.4735576923076923 0.04447115384615385 0.038461538461538464
1 0.5204326923076923 0.47115384615384615 0.037259615384615384 0.04326923076923077
4 0.5492788461538461 0.28365384615384615 0.019230769230769232 0.0625
4 0.5492788461538461 0.28365384615384615 0.018028846153846152 0.0625
1 0.5733173076923077 0.49158653846153844 0.040865384615384616 0.04927884615384615
1 0.6274038461538461 0.49759615384615385 0.06490384615384616 0.06009615384615385
4 0.6923076923076923 0.39302884615384615 0.015625 0.04326923076923077
2 0.6995192307692307 0.49158653846153844 0.018028846153846152 0.06610576923076923
1 0.8713942307692307 0.5084134615384616 0.15264423076923078 0.07572115384615384