1 0.1875 0.49158653846153844 0.03485576923076923 0.078125
1 0.2403846153846154 0.49759615384615385 0.07572115384615384 0.0625
1 0.23317307692307693 0.5 0.06490384615384616 0.046875
1 0.28846153846153844 0.5024038461538461 0.0625 0.06490384615384616
1 0.28725961538461536 0.5024038461538461 0.05889423076923077 0.09375
1 0.3329326923076923 0.5024038461538461 0.025240384615384616 0.06610576923076923
4 0.37259615384615385 0.44711538461538464 0.01201923076923077 0.03125
4 0.37259615384615385 0.44471153846153844 0.01201923076923077 0.03125
1 0.42788461538461536 0.4879807692307692 0.03485576923076923 0.052884615384615384
1 0.5264423076923077 0.5048076923076923 0.12740384615384615 0.18028846153846154
4 0.5060096153846154 0.38822115384615385 0.019230769230769232 0.03125
4 0.5084134615384616 0.38100961538461536 0.01201923076923077 0.03125
4 0.5649038461538461 0.4411057692307692 0.01201923076923077 0.028846153846153848
4 0.5673076923076923 0.43990384615384615 0.018028846153846152 0.027644230769230768
1 0.5901442307692307 0.5072115384615384 0.04927884615384615 0.06971153846153846
4 0.5829326923076923 0.4170673076923077 0.018028846153846152 0.046875
4 0.5817307692307693 0.42788461538461536 0.01201923076923077 0.021634615384615384
1 0.8533653846153846 0.5877403846153846 0.28846153846153844 0.3942307692307692