2 0.4423076923076923 0.5072115384615384 0.03365384615384615 0.11298076923076923
8 0.43509615384615385 0.41225961538461536 0.015625 0.038461538461538464
4 0.4362980769230769 0.41346153846153844 0.018028846153846152 0.03365384615384615
2 0.44471153846153844 0.5096153846153846 0.025240384615384616 0.12740384615384615
1 0.5540865384615384 0.49759615384615385 0.03485576923076923 0.06009615384615385
1 0.5564903846153846 0.5 0.03485576923076923 0.04326923076923077
2 0.6045673076923077 0.5 0.019230769230769232 0.06009615384615385
8 0.6129807692307693 0.4182692307692308 0.013221153846153846 0.040865384615384616
6 0.6165865384615384 0.41947115384615385 0.019230769230769232 0.03485576923076923
1 0.8269230769230769 0.49399038461538464 0.11538461538461539 0.06850961538461539
1 0.8305288461538461 0.4855769230769231 0.10096153846153846 0.05889423076923077