0 0.2800480769230769 0.5180288461538461 0.025240384615384616 0.06971153846153846
1 0.38822115384615385 0.5600961538461539 0.17427884615384615 0.23798076923076922
3 0.44350961538461536 0.36658653846153844 0.019230769230769232 0.08052884615384616
3 0.47475961538461536 0.41947115384615385 0.013221153846153846 0.04447115384615385
6 0.5600961538461539 0.41225961538461536 0.013221153846153846 0.05048076923076923
0 0.6466346153846154 0.5480769230769231 0.04927884615384615 0.22115384615384615
2 0.7007211538461539 0.5180288461538461 0.021634615384615384 0.06850961538461539
2 0.7043269230769231 0.5168269230769231 0.018028846153846152 0.06610576923076923
1 0.8509615384615384 0.5336538461538461 0.1971153846153846 0.10576923076923077
1 0.8521634615384616 0.53125 0.19951923076923078 0.11177884615384616
6 0.8269230769230769 0.20072115384615385 0.03125 0.12259615384615384