1 0.08653846153846154 0.47596153846153844 0.04326923076923077 0.04447115384615385
2 0.16105769230769232 0.484375 0.018028846153846152 0.05889423076923077
1 0.2920673076923077 0.48677884615384615 0.037259615384615384 0.05048076923076923
2 0.3233173076923077 0.47596153846153844 0.01201923076923077 0.04447115384615385
1 0.38221153846153844 0.47596153846153844 0.03125 0.04326923076923077
1 0.4266826923076923 0.48197115384615385 0.08173076923076923 0.11298076923076923
1 0.42427884615384615 0.484375 0.05889423076923077 0.08173076923076923
1 0.46274038461538464 0.47115384615384615 0.025240384615384616 0.03125
1 0.49759615384615385 0.46634615384615385 0.027644230769230768 0.038461538461538464
2 0.6298076923076923 0.46634615384615385 0.019230769230769232 0.056490384615384616
1 0.7079326923076923 0.46634615384615385 0.11298076923076923 0.07572115384615384