1 0.030048076923076924 0.5877403846153846 0.06009615384615385 0.16346153846153846
1 0.08774038461538461 0.5877403846153846 0.09975961538461539 0.14423076923076922
1 0.09134615384615384 0.5721153846153846 0.08052884615384616 0.125
1 0.25 0.4831730769230769 0.1875 0.296875
10 0.22355769230769232 0.4879807692307692 0.09615384615384616 0.2776442307692308
1 0.3473557692307692 0.5997596153846154 0.25721153846153844 0.3713942307692308
1 0.45552884615384615 0.5396634615384616 0.05048076923076923 0.12740384615384615
1 0.47115384615384615 0.5264423076923077 0.025240384615384616 0.056490384615384616
4 0.5300480769230769 0.44591346153846156 0.019230769230769232 0.040865384615384616
1 0.5564903846153846 0.5697115384615384 0.05048076923076923 0.1310096153846154
1 0.6189903846153846 0.5733173076923077 0.10336538461538461 0.22596153846153846
1 0.8004807692307693 0.6298076923076923 0.36538461538461536 0.40625