1 0.02403846153846154 0.5865384615384616 0.046875 0.17548076923076922
1 0.9411057692307693 0.5889423076923077 0.11538461538461539 0.3401442307692308
1 0.08533653846153846 0.53125 0.10096153846153846 0.12860576923076922
1 0.15504807692307693 0.5372596153846154 0.11538461538461539 0.12259615384615384
1 0.1622596153846154 0.4963942307692308 0.09615384615384616 0.08173076923076923
1 0.23076923076923078 0.53125 0.03365384615384615 0.08052884615384616
1 0.6490384615384616 0.5324519230769231 0.09134615384615384 0.10576923076923077
1 0.6634615384615384 0.5516826923076923 0.04927884615384615 0.10336538461538461
1 0.7019230769230769 0.5432692307692307 0.06971153846153846 0.19951923076923078
1 0.7896634615384616 0.5516826923076923 0.1814903846153846 0.20673076923076922
1 0.8521634615384616 0.5757211538461539 0.1622596153846154 0.22115384615384615