1 0.046875 0.5685096153846154 0.06971153846153846 0.109375
1 0.15504807692307693 0.5396634615384616 0.12860576923076922 0.06971153846153846
1 0.2439903846153846 0.5336538461538461 0.04326923076923077 0.056490384615384616
1 0.30288461538461536 0.5228365384615384 0.04447115384615385 0.04927884615384615
1 0.40024038461538464 0.6009615384615384 0.21875 0.30288461538461536
1 0.5360576923076923 0.5336538461538461 0.056490384615384616 0.09615384615384616
1 0.5721153846153846 0.546875 0.06610576923076923 0.12740384615384615
2 0.5829326923076923 0.49038461538461536 0.03365384615384615 0.0625
1 0.6586538461538461 0.5432692307692307 0.14903846153846154 0.1875
1 0.7536057692307693 0.5709134615384616 0.19471153846153846 0.21634615384615385
1 0.8954326923076923 0.6009615384615384 0.20552884615384615 0.3245192307692308