3 0.0625 0.07091346153846154 0.09615384615384616 0.14182692307692307
1 0.10216346153846154 0.5216346153846154 0.05048076923076923 0.10336538461538461
1 0.10697115384615384 0.5180288461538461 0.052884615384615384 0.09975961538461539
1 0.15865384615384615 0.5084134615384616 0.05889423076923077 0.10697115384615384
1 0.45072115384615385 0.4951923076923077 0.021634615384615384 0.046875
1 0.47596153846153844 0.4987980769230769 0.03485576923076923 0.04927884615384615
1 0.5913461538461539 0.49278846153846156 0.22235576923076922 0.09134615384615384
10 0.6009615384615384 0.4891826923076923 0.22235576923076922 0.09134615384615384
3 0.5709134615384616 0.026442307692307692 0.028846153846153848 0.052884615384615384
6 0.5649038461538461 0.3641826923076923 0.015625 0.04927884615384615
6 0.6538461538461539 0.3581730769230769 0.018028846153846152 0.055288461538461536
1 0.7211538461538461 0.49399038461538464 0.038461538461538464 0.04326923076923077
6 0.7283653846153846 0.4170673076923077 0.015625 0.05048076923076923
6 0.8004807692307693 0.07692307692307693 0.028846153846153848 0.09975961538461539
1 0.8629807692307693 0.47716346153846156 0.07572115384615384 0.038461538461538464
1 0.9206730769230769 0.48677884615384615 0.10336538461538461 0.056490384615384616
2 0.9867788461538461 0.49399038461538464 0.021634615384615384 0.11177884615384616