1 0.20673076923076922 0.5324519230769231 0.04927884615384615 0.055288461538461536
1 0.3762019230769231 0.5985576923076923 0.2127403846153846 0.28125
7 0.2956730769230769 0.2932692307692308 0.019230769230769232 0.06009615384615385
7 0.29447115384615385 0.28365384615384615 0.013221153846153846 0.04326923076923077
6 0.3954326923076923 0.29447115384615385 0.018028846153846152 0.04447115384615385
2 0.5588942307692307 0.5108173076923077 0.027644230769230768 0.07572115384615384
6 0.5552884615384616 0.4050480769230769 0.013221153846153846 0.040865384615384616
2 0.5564903846153846 0.5144230769230769 0.015625 0.07211538461538461
0 0.6538461538461539 0.5180288461538461 0.03485576923076923 0.08653846153846154
0 0.6574519230769231 0.5144230769230769 0.025240384615384616 0.07211538461538461
0 0.7487980769230769 0.5132211538461539 0.06490384615384616 0.09134615384615384
0 0.75 0.5132211538461539 0.04326923076923077 0.08173076923076923
1 0.8461538461538461 0.5144230769230769 0.14302884615384615 0.07572115384615384
6 0.8557692307692307 0.09735576923076923 0.057692307692307696 0.19471153846153846
6 0.8497596153846154 0.08413461538461539 0.03485576923076923 0.16826923076923078
2 0.9254807692307693 0.53125 0.06009615384615385 0.2127403846153846
2 0.9302884615384616 0.5360576923076923 0.040865384615384616 0.20552884615384615
1 0.9627403846153846 0.5024038461538461 0.07211538461538461 0.07211538461538461