1 0.2848557692307692 0.5757211538461539 0.056490384615384616 0.07211538461538461
1 0.28846153846153844 0.5769230769230769 0.05048076923076923 0.0625
1 0.328125 0.5637019230769231 0.027644230769230768 0.038461538461538464
1 0.35216346153846156 0.5600961538461539 0.027644230769230768 0.040865384615384616
6 0.47115384615384615 0.40384615384615385 0.01201923076923077 0.038461538461538464
7 0.47115384615384615 0.40865384615384615 0.01201923076923077 0.028846153846153848
1 0.5072115384615384 0.5480769230769231 0.06009615384615385 0.06490384615384616
4 0.5396634615384616 0.41947115384615385 0.018028846153846152 0.037259615384615384
4 0.5384615384615384 0.4230769230769231 0.007211538461538462 0.03365384615384615
4 0.6201923076923077 0.48197115384615385 0.009615384615384616 0.03125
4 0.640625 0.4699519230769231 0.01201923076923077 0.03365384615384615
0 0.7512019230769231 0.5721153846153846 0.055288461538461536 0.265625