1 0.026442307692307692 0.5817307692307693 0.05048076923076923 0.12860576923076922
1 0.8569711538461539 0.6105769230769231 0.28365384615384615 0.27884615384615385
1 0.09615384615384616 0.5757211538461539 0.09735576923076923 0.09975961538461539
1 0.0985576923076923 0.5757211538461539 0.09014423076923077 0.09615384615384616
1 0.1778846153846154 0.5600961538461539 0.06490384615384616 0.08774038461538461
1 0.22235576923076922 0.5600961538461539 0.038461538461538464 0.06850961538461539
1 0.2247596153846154 0.5564903846153846 0.038461538461538464 0.08052884615384616
1 0.24759615384615385 0.5492788461538461 0.027644230769230768 0.052884615384615384
1 0.26802884615384615 0.5492788461538461 0.03365384615384615 0.05048076923076923
1 0.28966346153846156 0.5432692307692307 0.02403846153846154 0.046875
1 0.38822115384615385 0.53125 0.04447115384615385 0.038461538461538464
1 0.4206730769230769 0.5252403846153846 0.03125 0.04447115384615385
1 0.5564903846153846 0.5540865384615384 0.037259615384615384 0.09014423076923077
1 0.5961538461538461 0.5540865384615384 0.06490384615384616 0.12860576923076922
1 0.6682692307692307 0.5528846153846154 0.10576923076923077 0.1875