1 0.04447115384615385 0.6189903846153846 0.08774038461538461 0.1622596153846154
1 0.17668269230769232 0.5949519230769231 0.11177884615384616 0.11298076923076923
1 0.18389423076923078 0.5877403846153846 0.10096153846153846 0.10697115384615384
1 0.2403846153846154 0.5745192307692307 0.040865384615384616 0.09735576923076923
1 0.24759615384615385 0.5757211538461539 0.03125 0.07451923076923077
1 0.27163461538461536 0.5685096153846154 0.027644230769230768 0.06971153846153846
1 0.2980769230769231 0.5600961538461539 0.028846153846153848 0.05889423076923077
1 0.38221153846153844 0.5817307692307693 0.09375 0.11538461538461539
1 0.49278846153846156 0.5516826923076923 0.025240384615384616 0.08052884615384616
1 0.5288461538461539 0.5673076923076923 0.06971153846153846 0.125
1 0.5288461538461539 0.5612980769230769 0.06850961538461539 0.10697115384615384
3 0.5600961538461539 0.27884615384615385 0.037259615384615384 0.125
2 0.6466346153846154 0.5661057692307693 0.037259615384615384 0.09375
2 0.6622596153846154 0.5396634615384616 0.040865384615384616 0.10697115384615384
2 0.6586538461538461 0.5264423076923077 0.019230769230769232 0.06971153846153846
2 0.6971153846153846 0.5444711538461539 0.013221153846153846 0.07451923076923077
2 0.8461538461538461 0.5372596153846154 0.03485576923076923 0.19951923076923078