2 0.9615384615384616 0.5336538461538461 0.07211538461538461 0.48197115384615385
8 0.03485576923076923 0.3545673076923077 0.03485576923076923 0.08173076923076923
2 0.09735576923076923 0.5528846153846154 0.03365384615384615 0.11899038461538461
1 0.24639423076923078 0.5180288461538461 0.13221153846153846 0.16947115384615385
1 0.43509615384615385 0.5492788461538461 0.14302884615384615 0.18509615384615385
8 0.5180288461538461 0.31971153846153844 0.028846153846153848 0.08774038461538461
2 0.5649038461538461 0.5036057692307693 0.027644230769230768 0.10096153846153846
2 0.5961538461538461 0.49158653846153844 0.02403846153846154 0.08052884615384616
2 0.6430288461538461 0.4963942307692308 0.027644230769230768 0.09735576923076923
2 0.7620192307692307 0.5024038461538461 0.04326923076923077 0.1346153846153846
2 0.828125 0.47596153846153844 0.038461538461538464 0.125
1 0.9603365384615384 0.515625 0.07451923076923077 0.11538461538461539