1 0.14783653846153846 0.49399038461538464 0.08774038461538461 0.06850961538461539
1 0.21153846153846154 0.49759615384615385 0.06610576923076923 0.052884615384615384
10 0.25240384615384615 0.48677884615384615 0.04326923076923077 0.07451923076923077
1 0.25841346153846156 0.4855769230769231 0.03365384615384615 0.06971153846153846
1 0.2824519230769231 0.49759615384615385 0.027644230769230768 0.04326923076923077
1 0.4338942307692308 0.6165865384615384 0.31009615384615385 0.4026442307692308
6 0.32091346153846156 0.23798076923076922 0.019230769230769232 0.06009615384615385
3 0.453125 0.24278846153846154 0.025240384615384616 0.06971153846153846
3 0.6586538461538461 0.36177884615384615 0.018028846153846152 0.04326923076923077
3 0.6574519230769231 0.3605769230769231 0.013221153846153846 0.038461538461538464
3 0.8689903846153846 0.14302884615384615 0.04326923076923077 0.1310096153846154