1 0.17427884615384615 0.5084134615384616 0.09375 0.09014423076923077
1 0.3293269230769231 0.4963942307692308 0.09375 0.12259615384615384
2 0.3641826923076923 0.6262019230769231 0.15625 0.6117788461538461
1 0.4098557692307692 0.5024038461538461 0.07572115384615384 0.08413461538461539
1 0.46634615384615385 0.4951923076923077 0.056490384615384616 0.06009615384615385
1 0.47115384615384615 0.4987980769230769 0.05889423076923077 0.055288461538461536
7 0.5588942307692307 0.24639423076923078 0.025240384615384616 0.07572115384615384
6 0.6790865384615384 0.24879807692307693 0.027644230769230768 0.078125
1 0.7211538461538461 0.49399038461538464 0.06610576923076923 0.09975961538461539
1 0.7259615384615384 0.49759615384615385 0.04927884615384615 0.06971153846153846
1 0.8557692307692307 0.49399038461538464 0.03125 0.04447115384615385
6 0.9795673076923077 0.38100961538461536 0.028846153846153848 0.06850961538461539