1 0.1935096153846154 0.5144230769230769 0.09134615384615384 0.05889423076923077
0 0.27403846153846156 0.5024038461538461 0.04927884615384615 0.05889423076923077
0 0.31850961538461536 0.49759615384615385 0.013221153846153846 0.06009615384615385
1 0.36778846153846156 0.5336538461538461 0.07451923076923077 0.06610576923076923
0 0.390625 0.49399038461538464 0.03125 0.03125
5 0.3870192307692308 0.34375 0.013221153846153846 0.038461538461538464
5 0.3858173076923077 0.34615384615384615 0.009615384615384616 0.04326923076923077
0 0.39302884615384615 0.5 0.018028846153846152 0.037259615384615384
3 0.46274038461538464 0.4170673076923077 0.018028846153846152 0.04326923076923077
3 0.46274038461538464 0.41346153846153844 0.013221153846153846 0.038461538461538464
4 0.5769230769230769 0.36899038461538464 0.02403846153846154 0.06850961538461539
4 0.5769230769230769 0.37259615384615385 0.02403846153846154 0.07451923076923077