1 0.296875 0.5432692307692307 0.03365384615384615 0.04326923076923077
1 0.3425480769230769 0.5348557692307693 0.03365384615384615 0.046875
1 0.42788461538461536 0.5336538461538461 0.03365384615384615 0.06971153846153846
1 0.46634615384615385 0.5673076923076923 0.11177884615384616 0.13822115384615385
1 0.5528846153846154 0.5204326923076923 0.04326923076923077 0.06850961538461539
10 0.5492788461538461 0.5252403846153846 0.03125 0.05048076923076923
1 0.6466346153846154 0.5432692307692307 0.0625 0.06971153846153846
2 0.6778846153846154 0.5360576923076923 0.019230769230769232 0.06850961538461539
2 0.6850961538461539 0.5336538461538461 0.015625 0.06971153846153846
2 0.6995192307692307 0.5336538461538461 0.015625 0.06610576923076923
2 0.7007211538461539 0.5348557692307693 0.018028846153846152 0.06610576923076923
1 0.9002403846153846 0.5420673076923077 0.08774038461538461 0.06490384615384616
1 0.8990384615384616 0.5420673076923077 0.08052884615384616 0.04326923076923077