1 0.25 0.5144230769230769 0.07572115384615384 0.08653846153846154
1 0.25240384615384615 0.5192307692307693 0.06610576923076923 0.07572115384615384
1 0.3269230769230769 0.5144230769230769 0.056490384615384616 0.055288461538461536
1 0.3269230769230769 0.5072115384615384 0.052884615384615384 0.05048076923076923
1 0.375 0.49759615384615385 0.04326923076923077 0.056490384615384616
1 0.4543269230769231 0.49759615384615385 0.028846153846153848 0.07451923076923077
1 0.5024038461538461 0.5024038461538461 0.09134615384615384 0.11778846153846154
1 0.5721153846153846 0.5048076923076923 0.027644230769230768 0.06009615384615385
4 0.5961538461538461 0.11778846153846154 0.038461538461538464 0.11899038461538461
1 0.6141826923076923 0.515625 0.07451923076923077 0.10096153846153846
4 0.8100961538461539 0.3125 0.025240384615384616 0.08774038461538461
4 0.8100961538461539 0.3389423076923077 0.027644230769230768 0.04927884615384615