1 0.12620192307692307 0.5625 0.25240384615384615 0.5348557692307693
1 0.05889423076923077 0.49759615384615385 0.07211538461538461 0.09975961538461539
7 0.234375 0.36177884615384615 0.02403846153846154 0.0625
3 0.234375 0.3605769230769231 0.019230769230769232 0.05048076923076923
1 0.28365384615384615 0.5360576923076923 0.11538461538461539 0.12860576923076922
3 0.29086538461538464 0.3581730769230769 0.018028846153846152 0.0625
1 0.37259615384615385 0.5252403846153846 0.04326923076923077 0.07572115384615384
4 0.375 0.3557692307692308 0.019230769230769232 0.056490384615384616
1 0.45072115384615385 0.5372596153846154 0.16826923076923078 0.20072115384615385
3 0.3798076923076923 0.35096153846153844 0.018028846153846152 0.046875
4 0.43990384615384615 0.35697115384615385 0.03365384615384615 0.07572115384615384
6 0.4387019230769231 0.35096153846153844 0.018028846153846152 0.05048076923076923
4 0.5673076923076923 0.43149038461538464 0.018028846153846152 0.0625
4 0.5673076923076923 0.42427884615384615 0.018028846153846152 0.04447115384615385
1 0.7824519230769231 0.4987980769230769 0.056490384615384616 0.07211538461538461
1 0.7860576923076923 0.5036057692307693 0.055288461538461536 0.06850961538461539
1 0.8617788461538461 0.5168269230769231 0.14903846153846154 0.20673076923076922