1 0.125 0.5516826923076923 0.25 0.33052884615384615
1 0.2824519230769231 0.49278846153846156 0.04326923076923077 0.037259615384615384
1 0.28725961538461536 0.49038461538461536 0.046875 0.046875
1 0.3269230769230769 0.5012019230769231 0.037259615384615384 0.038461538461538464
1 0.32572115384615385 0.5024038461538461 0.028846153846153848 0.04326923076923077
1 0.3798076923076923 0.4891826923076923 0.025240384615384616 0.04326923076923077
1 0.4182692307692308 0.4951923076923077 0.05889423076923077 0.078125
1 0.45072115384615385 0.4855769230769231 0.03485576923076923 0.05048076923076923
1 0.5036057692307693 0.4855769230769231 0.021634615384615384 0.021634615384615384
1 0.5649038461538461 0.49158653846153844 0.04326923076923077 0.056490384615384616
1 0.6057692307692307 0.5084134615384616 0.07572115384615384 0.078125
1 0.7331730769230769 0.49158653846153844 0.10697115384615384 0.055288461538461536