1 0.8942307692307693 0.7283653846153846 0.20673076923076922 0.46153846153846156
1 0.12379807692307693 0.5600961538461539 0.14302884615384615 0.14423076923076922
1 0.21394230769230768 0.546875 0.06850961538461539 0.12139423076923077
1 0.2091346153846154 0.5516826923076923 0.06009615384615385 0.10336538461538461
1 0.2704326923076923 0.5432692307692307 0.055288461538461536 0.09735576923076923
1 0.31009615384615385 0.5372596153846154 0.040865384615384616 0.06971153846153846
1 0.4206730769230769 0.5528846153846154 0.08413461538461539 0.10576923076923077
1 0.47716346153846156 0.5240384615384616 0.06490384615384616 0.11538461538461539
10 0.47596153846153844 0.5288461538461539 0.06009615384615385 0.08413461538461539
1 0.6454326923076923 0.5769230769230769 0.16826923076923078 0.18509615384615385
1 0.6490384615384616 0.5805288461538461 0.16826923076923078 0.16346153846153846
1 0.7331730769230769 0.5096153846153846 0.07211538461538461 0.09014423076923077
1 0.8461538461538461 0.5144230769230769 0.11538461538461539 0.14423076923076922