2 0.17908653846153846 0.53125 0.028846153846153848 0.09735576923076923
2 0.18990384615384615 0.5180288461538461 0.025240384615384616 0.08413461538461539
2 0.20793269230769232 0.5612980769230769 0.040865384615384616 0.1346153846153846
2 0.22115384615384615 0.5480769230769231 0.021634615384615384 0.1310096153846154
1 0.22355769230769232 0.5516826923076923 0.025240384615384616 0.12139423076923077
0 0.27884615384615385 0.5204326923076923 0.027644230769230768 0.0625
0 0.2848557692307692 0.5228365384615384 0.027644230769230768 0.07211538461538461
0 0.2848557692307692 0.5180288461538461 0.019230769230769232 0.056490384615384616
2 0.2848557692307692 0.5216346153846154 0.019230769230769232 0.06009615384615385
1 0.3798076923076923 0.5228365384615384 0.11177884615384616 0.06850961538461539
1 0.3798076923076923 0.5240384615384616 0.11177884615384616 0.06610576923076923
1 0.5600961538461539 0.5132211538461539 0.14302884615384615 0.09134615384615384
2 0.5048076923076923 0.5492788461538461 0.028846153846153848 0.11778846153846154
2 0.5444711538461539 0.5360576923076923 0.03485576923076923 0.14302884615384615
1 0.6189903846153846 0.5036057692307693 0.09975961538461539 0.07572115384615384
1 0.6598557692307693 0.5024038461538461 0.10576923076923077 0.078125
1 0.6862980769230769 0.49759615384615385 0.052884615384615384 0.078125
2 0.9074519230769231 0.6394230769230769 0.15384615384615385 0.5997596153846154
2 0.9278846153846154 0.5925480769230769 0.052884615384615384 0.45913461538461536