1 0.15384615384615385 0.5348557692307693 0.078125 0.078125
1 0.08052884615384616 0.5444711538461539 0.10336538461538461 0.11177884615384616
1 0.07572115384615384 0.5540865384615384 0.09134615384615384 0.109375
1 0.23677884615384615 0.5324519230769231 0.052884615384615384 0.0625
1 0.2644230769230769 0.5336538461538461 0.0625 0.06610576923076923
1 0.26802884615384615 0.5372596153846154 0.06610576923076923 0.0625
1 0.31009615384615385 0.5264423076923077 0.05048076923076923 0.05048076923076923
1 0.37259615384615385 0.5240384615384616 0.04326923076923077 0.05048076923076923
7 0.4230769230769231 0.31971153846153844 0.019230769230769232 0.06490384615384616
10 0.5060096153846154 0.48197115384615385 0.055288461538461536 0.16826923076923078
6 0.4987980769230769 0.3173076923076923 0.025240384615384616 0.06610576923076923
10 0.7632211538461539 0.43028846153846156 0.47115384615384615 0.38100961538461536
1 0.9399038461538461 0.7199519230769231 0.11298076923076923 0.5336538461538461
1 0.9435096153846154 0.6730769230769231 0.109375 0.4411057692307692