1 0.4098557692307692 0.5288461538461539 0.027644230769230768 0.03485576923076923
1 0.02283653846153846 0.5649038461538461 0.04447115384615385 0.055288461538461536
1 0.20432692307692307 0.5456730769230769 0.06009615384615385 0.052884615384615384
1 0.20432692307692307 0.546875 0.05048076923076923 0.055288461538461536
1 0.3581730769230769 0.5324519230769231 0.03365384615384615 0.04326923076923077
1 0.46274038461538464 0.5336538461538461 0.04447115384615385 0.06009615384615385
1 0.5288461538461539 0.5552884615384616 0.09615384615384616 0.125
10 0.578125 0.5228365384615384 0.040865384615384616 0.0625
1 0.5829326923076923 0.5204326923076923 0.04326923076923077 0.07211538461538461
1 0.6706730769230769 0.546875 0.0625 0.06971153846153846
1 0.8834134615384616 0.5877403846153846 0.2283653846153846 0.1875
1 0.9699519230769231 0.5444711538461539 0.03485576923076923 0.06490384615384616