10 0.05889423076923077 0.5132211538461539 0.11778846153846154 0.11538461538461539
1 0.09254807692307693 0.5805288461538461 0.12740384615384615 0.1778846153846154
1 0.28966346153846156 0.59375 0.3161057692307692 0.4182692307692308
3 0.3161057692307692 0.3317307692307692 0.019230769230769232 0.05889423076923077
6 0.41346153846153844 0.32572115384615385 0.02403846153846154 0.055288461538461536
6 0.41586538461538464 0.33653846153846156 0.018028846153846152 0.055288461538461536
1 0.4699519230769231 0.5384615384615384 0.08052884615384616 0.12860576923076922
1 0.4723557692307692 0.5360576923076923 0.052884615384615384 0.08653846153846154
6 0.49278846153846156 0.3293269230769231 0.02403846153846154 0.06850961538461539
6 0.49278846153846156 0.328125 0.018028846153846152 0.046875
1 0.5144230769230769 0.53125 0.040865384615384616 0.07451923076923077
1 0.6310096153846154 0.5432692307692307 0.04447115384615385 0.11778846153846154
1 0.7980769230769231 0.6274038461538461 0.37259615384615385 0.359375
6 0.6790865384615384 0.42427884615384615 0.019230769230769232 0.055288461538461536
1 0.9423076923076923 0.5192307692307693 0.08052884615384616 0.06009615384615385
6 0.9326923076923077 0.25721153846153844 0.055288461538461536 0.15865384615384615
2 0.9591346153846154 0.5240384615384616 0.025240384615384616 0.06610576923076923