1 0.19471153846153846 0.5276442307692307 0.2283653846153846 0.1346153846153846
0 0.3545673076923077 0.5480769230769231 0.20673076923076922 0.31971153846153844
0 0.3629807692307692 0.5432692307692307 0.20072115384615385 0.3125
1 0.4387019230769231 0.5048076923076923 0.06610576923076923 0.06971153846153846
1 0.5240384615384616 0.4855769230769231 0.06009615384615385 0.06009615384615385
7 0.5600961538461539 0.24519230769230768 0.02403846153846154 0.07451923076923077
1 0.6454326923076923 0.4987980769230769 0.06971153846153846 0.08774038461538461
1 0.6478365384615384 0.49759615384615385 0.06850961538461539 0.08052884615384616
6 0.6766826923076923 0.24879807692307693 0.027644230769230768 0.08173076923076923
1 0.8605769230769231 0.49759615384615385 0.04447115384615385 0.05048076923076923
6 0.9795673076923077 0.38221153846153844 0.028846153846153848 0.06610576923076923