0 0.8629807692307693 0.5132211538461539 0.04927884615384615 0.08653846153846154
1 0.08774038461538461 0.5492788461538461 0.09134615384615384 0.07451923076923077
1 0.17427884615384615 0.5384615384615384 0.08173076923076923 0.06850961538461539
1 0.25240384615384615 0.5336538461538461 0.06610576923076923 0.07451923076923077
1 0.5132211538461539 0.5432692307692307 0.25240384615384615 0.16826923076923078
7 0.4230769230769231 0.31971153846153844 0.019230769230769232 0.0625
6 0.49759615384615385 0.3173076923076923 0.02403846153846154 0.06490384615384616
10 0.5228365384615384 0.45552884615384615 0.05889423076923077 0.06850961538461539
10 0.5264423076923077 0.4519230769230769 0.05889423076923077 0.05048076923076923
6 0.6442307692307693 0.41346153846153844 0.025240384615384616 0.06971153846153846
1 0.9411057692307693 0.7163461538461539 0.11177884615384616 0.5240384615384616