1 0.38461538461538464 0.515625 0.015625 0.018028846153846152
10 0.0673076923076923 0.5168269230769231 0.12860576923076922 0.07572115384615384
6 0.3605769230769231 0.20793269230769232 0.03125 0.08413461538461539
1 0.42427884615384615 0.5192307692307693 0.04927884615384615 0.0625
1 0.4230769230769231 0.5216346153846154 0.028846153846153848 0.038461538461538464
6 0.5973557692307693 0.3641826923076923 0.027644230769230768 0.08653846153846154
2 0.7427884615384616 0.5144230769230769 0.027644230769230768 0.11298076923076923
2 0.7427884615384616 0.5216346153846154 0.025240384615384616 0.11899038461538461
2 0.7704326923076923 0.5204326923076923 0.028846153846153848 0.12139423076923077
2 0.7944711538461539 0.5432692307692307 0.06009615384615385 0.19951923076923078
2 0.8834134615384616 0.5600961538461539 0.06610576923076923 0.23197115384615385
2 0.9495192307692307 0.5492788461538461 0.05889423076923077 0.2439903846153846
3 0.9675480769230769 0.08173076923076923 0.0625 0.1622596153846154