3 0.5204326923076923 0.31009615384615385 0.03365384615384615 0.09134615384615384
2 0.4206730769230769 0.5324519230769231 0.03485576923076923 0.12259615384615384
2 0.6274038461538461 0.6382211538461539 0.14302884615384615 0.7151442307692307
3 0.018028846153846152 0.34975961538461536 0.03365384615384615 0.08774038461538461
2 0.06129807692307692 0.5697115384615384 0.04927884615384615 0.11778846153846154
2 0.09134615384615384 0.5492788461538461 0.08774038461538461 0.13701923076923078
2 0.09254807692307693 0.5576923076923077 0.08413461538461539 0.13221153846153846
2 0.07572115384615384 0.5600961538461539 0.027644230769230768 0.09134615384615384
2 0.11538461538461539 0.5372596153846154 0.02403846153846154 0.11177884615384616
2 0.11778846153846154 0.5516826923076923 0.027644230769230768 0.12139423076923077
2 0.15504807692307693 0.5480769230769231 0.037259615384615384 0.1346153846153846
2 0.19471153846153846 0.5492788461538461 0.04447115384615385 0.12259615384615384
1 0.2800480769230769 0.5408653846153846 0.05048076923076923 0.07211538461538461
1 0.2824519230769231 0.5372596153846154 0.04447115384615385 0.06009615384615385
2 0.6730769230769231 0.3557692307692308 0.038461538461538464 0.1466346153846154
2 0.7728365384615384 0.5444711538461539 0.23197115384615385 0.890625
1 0.9242788461538461 0.5084134615384616 0.06009615384615385 0.171875
2 0.9615384615384616 0.5757211538461539 0.07451923076923077 0.515625