1 0.027644230769230768 0.5552884615384616 0.055288461538461536 0.2091346153846154
2 0.03125 0.5024038461538461 0.019230769230769232 0.046875
2 0.04447115384615385 0.5132211538461539 0.015625 0.04326923076923077
2 0.10697115384615384 0.53125 0.013221153846153846 0.08052884615384616
2 0.16105769230769232 0.5204326923076923 0.013221153846153846 0.07211538461538461
1 0.21634615384615385 0.5264423076923077 0.109375 0.06610576923076923
1 0.3473557692307692 0.5973557692307693 0.19951923076923078 0.25961538461538464
4 0.2668269230769231 0.4266826923076923 0.02403846153846154 0.056490384615384616
4 0.26802884615384615 0.43028846153846156 0.015625 0.04326923076923077
1 0.45072115384615385 0.5228365384615384 0.06610576923076923 0.13221153846153846
1 0.49759615384615385 0.515625 0.046875 0.06610576923076923
4 0.5024038461538461 0.41225961538461536 0.021634615384615384 0.0625
4 0.5024038461538461 0.41225961538461536 0.018028846153846152 0.038461538461538464
2 0.5336538461538461 0.5180288461538461 0.027644230769230768 0.09735576923076923
2 0.5324519230769231 0.5168269230769231 0.018028846153846152 0.09014423076923077
2 0.5420673076923077 0.5144230769230769 0.015625 0.08653846153846154
2 0.5600961538461539 0.5096153846153846 0.015625 0.09375
2 0.5733173076923077 0.49759615384615385 0.021634615384615384 0.06971153846153846
2 0.5733173076923077 0.5024038461538461 0.015625 0.06610576923076923
2 0.5913461538461539 0.5024038461538461 0.019230769230769232 0.055288461538461536
1 0.7620192307692307 0.5564903846153846 0.28365384615384615 0.27403846153846156