1 0.0625 0.5552884615384616 0.12259615384615384 0.15384615384615385
1 0.05889423076923077 0.5564903846153846 0.11298076923076923 0.13701923076923078
1 0.15384615384615385 0.5396634615384616 0.08413461538461539 0.09735576923076923
1 0.19951923076923078 0.5228365384615384 0.03365384615384615 0.09615384615384616
1 0.203125 0.5348557692307693 0.03365384615384615 0.08774038461538461
1 0.22716346153846154 0.5288461538461539 0.027644230769230768 0.08413461538461539
1 0.39302884615384615 0.5216346153846154 0.056490384615384616 0.09014423076923077
1 0.46274038461538464 0.5384615384615384 0.09375 0.11177884615384616
1 0.46274038461538464 0.5372596153846154 0.078125 0.09735576923076923
1 0.5997596153846154 0.5084134615384616 0.037259615384615384 0.05048076923076923
1 0.6646634615384616 0.5432692307692307 0.13221153846153846 0.1971153846153846
1 0.8329326923076923 0.5853365384615384 0.25600961538461536 0.2692307692307692