1 0.07451923076923077 0.5336538461538461 0.11538461538461539 0.12740384615384615
2 0.1346153846153846 0.5276442307692307 0.01201923076923077 0.05048076923076923
1 0.13942307692307693 0.5216346153846154 0.019230769230769232 0.037259615384615384
2 0.16466346153846154 0.5516826923076923 0.040865384615384616 0.140625
1 0.23677884615384615 0.5168269230769231 0.037259615384615384 0.056490384615384616
1 0.23677884615384615 0.515625 0.027644230769230768 0.038461538461538464
1 0.3112980769230769 0.5288461538461539 0.09375 0.11177884615384616
6 0.4170673076923077 0.33052884615384615 0.02403846153846154 0.08413461538461539
2 0.6057692307692307 0.5216346153846154 0.025240384615384616 0.15625
2 0.6850961538461539 0.5060096153846154 0.03485576923076923 0.1346153846153846
2 0.8137019230769231 0.5024038461538461 0.03485576923076923 0.1502403846153846